########### code_s ###########
0 -0.06943015558400108
1 0.9261226802056859
2 -0.15979485586744557
3 -0.33226076992619374
4 0.028497503280206896
5 -0.12697401724438395
6 -0.061350935549788384
7 0.11608304608191448
8 -0.19643092389670294
9 -0.5161928484891742
10 0.4173162105268722
11 0.04436021605110146
12 0.4826110100858619
13 0.7810014349573069
14 0.19465053815368338
15 0.9236490868588647
16 0.26928678181398885
17 1.7870393968700933
18 -0.33495902414501805
19 0.7850313871025556
20 0.0990846351142322
21 -0.13704825472563742
22 -0.2878506374476718
23 0.46967561872941316
24 0.7303394980453902
25 -0.20125364562397388
26 -0.3303714654751165
27 -0.3068046023750446
28 0.2426098538939845
29 -0.4609867147606487
30 0.9820429106375098
31 0.04899652415734268
32 -0.5246411600343038
33 0.9910840469944949
34 0.9884517902214945
35 -0.25018660901750295
36 0.26963420489313583
37 0.2350434634648568
38 0.3201855729528396
39 0.6706213111543277
40 0.6817613357289504
41 0.9932027558118132
42 0.45830557953315826
43 -1.1487838910878592
44 -0.04526812993469123
45 -1.0606083769006525
46 0.8730579010856454
47 0.7587828908352303
48 0.4339476582493197
49 0.921417106887744
50 -0.35028952943183544
51 0.5228507690078849
52 0.4428387223812696
53 -0.309403791956911
54 -0.30208127776579025
55 -0.42468650280353587
56 0.6119217433829145
57 -1.459573622800484
58 -1.0621471731237961
59 -0.7501716270258051
60 0.7469574091584446
61 -0.9948349056849404
62 -0.9528409276359968
63 0.7902134216644124
64 0.34385590716265924
65 0.9920290595516043
66 0.910670984542506
67 -1.8788607716247856
68 -0.3319036641471052
69 0.5510081250225726
70 0.4610347188987864
71 0.2047250925656848
72 0.3795001654517864
73 -1.1735625218077976
74 -0.35087830428497846
75 -1.24880088929336
76 -1.7552412545235223
77 -1.7094321194363054
78 0.9231450836494226
79 0.049825837117500674
80 -0.7235645641996409
81 0.9230587042404801
82 0.8908186448024652
83 2.2282621927347717
84 -2.6613310938537085
85 0.09014411798813324
86 -1.0490985225970415
87 -1.2461205026331237
88 0.8749876253319235
89 0.5933495942970531
90 -0.23648069555598597
91 0.8869548509975346
92 -0.9732406469470255
93 -0.8718141920167983
94 -0.18152334242375195
95 -0.06670561229357014
96 -0.4142142424926737
97 0.8288086964723913
98 -0.24526675722208302
99 1.4479548746508624
100 0.5543627667263257
101 0.4392246458554491
102 0.42440269425954036
103 -0.4693108825912176
104 0.832148766731869
105 -0.139985467637874
106 -1.4256547070312686
107 -0.8424986549531871
108 1.3111037394451146
109 -2.0333399419933427
110 0.137678053139282
111 -0.10108186214082522
112 -0.6690252625916137
113 0.34675319317186487
114 -0.26049712370304184
115 0.6619544338678783
116 -0.667780032528089
117 -0.48116617878266293
118 0.5378647020882565
119 0.8895393695507392
120 0.753585253388076
121 -1.142652434709452
122 -1.7509556991300974
123 0.8525629728730508
124 -0.8687541805489143
125 -0.45160194296273015
126 0.059815625862474436
127 0.2042443655976785
128 -0.7745493416873473
129 0.35240900248292867
130 0.16339473253534822
131 0.8537135966967492
132 0.5711353212005034
133 -0.5231673657252759
134 1.046480106331851
135 0.8205904186864683
136 -1.8096351444955023
137 0.5353672389399216
138 -2.075458558154271
139 0.8287252778650605
140 -0.9041442406927528
141 0.11688799533226915
142 -0.26508725748630974
143 -0.4431871659180758
144 -0.9741956394251926
145 0.30307762422330337
146 0.29756314759187924
147 -0.30957784222931467
148 0.47328355322755133
149 0.7188525460788471
150 -0.7033389405391798
151 -0.7091409089504714
152 0.6593341783469597
153 0.9616644105152952
154 -1.7686005197766097
155 0.9662783899362325
156 0.9308439342692543
157 -0.11888875057706627
158 -0.5086034508973205
159 0.11104265133310888
160 0.5674652499696392
161 0.27087039973715626
162 -0.8248968997259011
163 -0.5752686357850806
164 0.45042192409347126
165 0.6018849450959456
166 1.541327975075249
167 0.9600520082436753
168 0.4784562666702598
169 -0.45173522202497823
170 -0.8698419709397259
171 -0.8476224796709585
172 0.6111991460524028
173 0.265004340346024
174 3.137643533197925
175 0.03874561498986941
176 -3.158398080109862
177 0.2727644305983483
178 0.3231079557443715
179 -0.6484033834492285
180 -0.373683350561989
181 -0.8207933420383958
182 0.1747295922819515
183 0.5108886626990544
184 0.5295253012300078
185 0.6074824782220234
186 -1.2340937630807869
187 2.094656574615535
188 0.05534388125186244
189 -0.36902863784393597
190 1.5612565297900038
191 -1.1571041056694737
192 -0.5491733727745933
193 0.29074237554570176
194 -0.555742089864905
195 -0.33416887081856345
196 0.3398891915770873
197 0.6060514963051956
198 -0.0828827103464851
199 1.0085764026796473
200 -0.7029844241332671
201 -1.9955194102627105
202 1.2846710900239269
203 1.8340168267664847
204 -0.32354908447328223
205 0.715381107720369
206 1.3536748051659493
207 -0.9206302303660004
208 -2.6476025114876003
209 0.3189167547208354
210 0.7714203132303566
211 -0.7374089531222855
212 -2.690292280245634
213 -0.5928222526592721
214 -0.5064998437914134
215 -0.47351112225830305
216 0.2588384925607092
217 0.44830639163310987
218 -0.45034431434675204
219 3.2550683242885707
220 -0.17327402890547935
221 0.6649953597840241
222 1.046255350544793
223 0.10441409912174102
224 1.3092007569457642
225 0.7222978311653934
226 -1.2656690409404217
227 0.16674809778021352
228 -0.37316348678386
229 0.43078484657826227
230 -0.5303217064597154
231 -0.44552658822826424
232 -0.04565138717758907
233 0.3423012753892371
234 -0.6093920643144005
235 -0.9834516880607012
236 0.6285216777746714
237 0.5546407511278296
238 0.739293217847872
239 -0.5771390223270046
240 1.50741608533785
241 0.47824869034017525
242 -0.4502769909245217
243 -0.3281284743905431
244 -3.2268845700824498
245 0.3449893180045188
246 0.44077423073348404
247 -0.15509022831450975
248 -0.16353168859257813
249 -0.14880047154947237
250 0.6149141351896017
251 1.0723189908915027
252 0.6523892867242951
253 0.6355599513691748
254 -0.4885443916958199
255 0.3759385270353452
########### code_o ###########
0 167.4941538711129
1 20.84987887572865
2 127.54324412310827
3 174.3013316965771
4 126.25459300631371
5 145.56650353103242
6 137.42663625734576
7 113.71166425499193
8 153.10889329603762
9 199.40722509012699
10 92.01296830256797
11 152.10920694220522
12 110.08621050079108
13 48.31047599276249
14 95.0089739027031
15 9.96871371910153
16 107.66747466390723
17 -64.69686490361573
18 152.24086400338038
19 19.433630938436224
20 116.46363141892058
21 146.80678375385673
22 175.3160988636048
23 101.43587808328992
24 33.22517437396185
25 154.37669425086995
26 169.6963130589521
27 186.0610482726571
28 108.10485492532851
29 229.28264188909637
30 3.669102893886489
31 44.6996151250506
32 193.96787232168515
33 9.683687501948327
34 -27.765989016772764
35 154.41947154833767
36 76.49611224272113
37 81.83713726789986
38 87.43452504393548
39 90.1925526166882
40 94.90507115603378
41 51.30430484919958
42 72.55072138265791
43 291.82416175720857
44 150.35526242953782
45 277.6306656526381
46 -59.468682712605556
47 12.953844387769536
48 51.27404379220177
49 18.22556948652405
50 153.2039419391845
51 56.97728220470606
52 69.31782121994371
53 176.81567811952266
54 195.75017347861262
55 243.23758053048454
56 104.13225654015858
57 430.05199671640156
58 308.73258814812766
59 183.4684865653189
60 87.4025927754167
61 209.40010051584918
62 203.45496322256108
63 30.869600474877743
64 67.17371494374954
65 12.816579533974107
66 -17.54587315858025
67 393.6680916472322
68 157.97198376870102
69 52.11027547051303
70 81.18055813304008
71 137.81364117515096
72 115.1144475231263
73 356.76134005472613
74 209.9186684572665
75 358.3715713190676
76 421.9651102608565
77 303.68180549741874
78 10.39279082553071
79 153.3120823116496
80 211.09664978066291
81 26.038992431791513
82 -16.65919008521803
83 -184.23196768201552
84 460.58011353859143
85 123.64522687645909
86 289.5542698640376
87 340.19408759496685
88 11.446331559666518
89 87.25215346517231
90 225.73598561229642
91 64.06117616586847
92 245.6660895206589
93 188.42365931909853
94 181.7637547297153
95 165.02717696206955
96 189.64249109675103
97 40.67049257841576
98 120.3827490452478
99 -118.13494712511425
100 88.10140866311318
101 35.11452004371928
102 27.996768967409174
103 145.50986867075676
104 43.78771066974582
105 204.0530241774221
106 325.4268886895775
107 243.48356633460764
108 -111.91286772466827
109 452.1931370073108
110 148.52050351267104
111 173.9914462098108
112 206.70012565238014
113 103.54469750686394
114 125.7173959270664
115 25.80984605830872
116 165.41947209000432
117 137.8203559411004
118 6.14239771639906
119 29.568740914222914
120 64.62232748476806
121 330.6839016309632
122 291.56668109043704
123 -34.687554978698444
124 185.13586488725178
125 224.45087511771175
126 146.58316606865418
127 123.33935584194468
128 214.53270462787918
129 105.61504697783569
130 79.55460624406801
131 -39.10117636781973
132 5.533700800732319
133 133.4219110777011
134 -5.694975642057813
135 20.386180959321138
136 416.4140231192359
137 97.70982794151229
138 478.8530448895279
139 -26.64021778032668
140 192.89105552171196
141 130.96572955611921
142 192.5674786889254
143 211.58814632429863
144 227.46226959373982
145 112.62842199411804
146 56.10836951307054
147 143.7085657644455
148 3.0511755763261306
149 -15.166497587358606
150 203.35162567853024
151 261.42624734751007
152 66.69431792377846
153 -4.499042112337179
154 411.45201851428396
155 -41.978283921665664
156 1.212955909025979
157 170.1129271130029
158 221.30213764607208
159 188.41107292046564
160 19.492589241533175
161 119.52966803161155
162 199.01217284767216
163 163.40057472738243
164 16.64959802310223
165 11.305555835098886
166 -171.73220120140294
167 29.978684319395242
168 49.05459157115804
169 218.93909365857036
170 187.22271161463928
171 183.37060421258246
172 60.73960106618651
173 118.37710975788949
174 -196.38993503225902
175 205.97511628452713
176 457.6752106708375
177 120.2196162820436
178 44.45694428799313
179 167.46654303214885
180 164.67781357853477
181 219.80789297469695
182 39.12405063283735
183 34.941316775172496
184 65.23095578531974
185 37.95655441546293
186 238.04473629133528
187 -176.0219874175072
188 143.21195636631342
189 202.79930772586962
190 -26.23402519600387
191 385.4932715567747
192 180.97872161269362
193 110.83054001926787
194 159.22839483071476
195 118.11975041510946
196 63.37014868023855
197 -13.18474649644115
198 65.25842953950324
199 -89.77873017656998
200 246.16505198380068
201 469.39129636344023
202 -8.223238297365981
203 -139.368875994047
204 173.19651540545095
205 28.504656424287063
206 -7.2682221548222685
207 263.13778176598487
208 440.92310323055875
209 110.98976354269041
210 -21.114628862407727
211 161.91660801610993
212 414.8187256943518
213 158.12961438784976
214 132.5584683169679
215 170.50645668590232
216 101.30211167792567
217 83.79569223101996
218 281.0502762977667
219 -290.12243126230817
220 171.68183072961327
221 94.7084818033116
222 47.584670653521655
223 90.94480594205021
224 -63.77964927485297
225 17.118376899377125
226 246.23335761878792
227 35.411774450168735
228 129.41982913617352
229 24.647701759551545
230 134.91762743719357
231 180.34818982257292
232 144.15540536989826
233 90.19812146176093
234 295.6843915381822
235 261.17367199367806
236 30.671127038876648
237 96.16810491785586
238 20.484208846732486
239 167.72266881151683
240 -77.08190982593277
241 78.00000592544941
242 120.91601264460115
243 109.00085604831722
244 582.943812573616
245 23.777379441207913
246 53.377565304568186
247 160.96685210401387
248 166.644779934918
249 167.91233435419284
250 70.30553240505824
251 -3.54657448345219
252 12.363754590598703
253 20.930815084997434
254 149.26850997088815
255 42.11799811728798
########### code_n ###########
0 103
1 10
2 163
3 204
4 59
5 2
6 209
7 10
8 3
9 203
10 117
11 28
12 209
13 194
14 203
15 14
16 38
17 3
18 219
19 3
20 32
21 202
22 120
23 211
24 192
25 219
26 150
27 2
28 219
29 72
30 14
31 111
32 208
33 10
34 3
35 204
36 51
37 219
38 219
39 35
40 74
41 44
42 150
43 142
44 30
45 23
46 8
47 44
48 62
49 10
50 204
51 47
52 62
53 219
54 179
55 192
56 104
57 11
58 12
59 196
60 73
61 103
62 103
63 74
64 62
65 10
66 3
67 10
68 132
69 50
70 219
71 204
72 204
73 218
74 43
75 7
76 8
77 162
78 59
79 171
80 10
81 10
82 3
83 6
84 3
85 140
86 203
87 204
88 165
89 66
90 35
91 59
92 194
93 88
94 7
95 142
96 164
97 10
98 31
99 11
100 211
101 38
102 209
103 98
104 59
105 189
106 16
107 39
108 8
109 219
110 17
111 204
112 0
113 99
114 31
115 35
116 171
117 103
118 92
119 59
120 172
121 35
122 171
123 78
124 147
125 148
126 190
127 157
128 0
129 99
130 111
131 54
132 24
133 132
134 102
135 23
136 219
137 211
138 52
139 78
140 117
141 53
142 219
143 59
144 0
145 99
146 193
147 99
148 24
149 30
150 190
151 204
152 10
153 163
154 219
155 45
156 88
157 204
158 59
159 73
160 62
161 99
162 9
163 142
164 85
165 189
166 11
167 17
168 164
169 39
170 117
171 176
172 147
173 17
174 3
175 44
176 3
177 99
178 129
179 106
180 42
181 38
182 209
183 59
184 65
185 189
186 162
187 9
188 99
189 219
190 10
191 11
192 179
193 220
194 208
195 42
196 180
197 23
198 210
199 204
200 11
201 133
202 73
203 9
204 60
205 9
206 74
207 38
208 9
209 99
210 62
211 177
212 3
213 146
214 147
215 129
216 203
217 204
218 204
219 9
220 204
221 73
222 102
223 125
224 45
225 164
226 10
227 48
228 194
229 102
230 73
231 13
232 73
233 204
234 204
235 102
236 165
237 180
238 209
239 7
240 90
241 99
242 147
243 191
244 89
245 82
246 117
247 204
248 203
249 21
250 219
251 220
252 65
253 23
254 157
255 73
########### code_t ###########
0 4
1 1
2 1
3 6
4 2
5 3
6 4
7 4
8 2
9 0
10 2
11 5
12 1
13 2
14 2
15 3
16 7
17 6
18 6
19 0
20 0
21 4
22 5
23 5
24 7
25 2
26 6
27 7
28 5
29 2
30 0
31 6
32 6
33 1
34 2
35 6
36 4
37 0
38 0
39 0
40 7
41 1
42 0
43 2
44 0
45 5
46 7
47 3
48 2
49 6
50 6
51 0
52 1
53 1
54 0
55 4
56 1
57 4
58 6
59 1
60 3
61 0
62 6
63 0
64 0
65 6
66 0
67 1
68 2
69 0
70 0
71 4
72 4
73 7
74 1
75 2
76 5
77 0
78 0
79 6
80 1
81 6
82 0
83 3
84 0
85 6
86 7
87 3
88 5
89 7
90 6
91 4
92 6
93 6
94 7
95 7
96 1
97 6
98 0
99 0
100 0
101 7
102 3
103 6
104 0
105 7
106 1
107 1
108 2
109 1
110 6
111 0
112 2
113 0
114 2
115 0
116 7
117 0
118 2
119 0
120 5
121 1
122 2
123 6
124 6
125 6
126 4
127 1
128 2
129 0
130 0
131 7
132 2
133 2
134 0
135 2
136 5
137 1
138 0
139 0
140 6
141 1
142 7
143 4
144 2
145 2
146 0
147 2
148 2
149 6
150 1
151 6
152 1
153 2
154 2
155 0
156 0
157 2
158 6
159 3
160 0
161 2
162 2
163 6
164 5
165 7
166 1
167 0
168 5
169 7
170 0
171 1
172 0
173 1
174 2
175 3
176 6
177 2
178 2
179 0
180 2
181 1
182 1
183 5
184 7
185 7
186 0
187 2
188 1
189 2
190 2
191 7
192 1
193 6
194 6
195 2
196 2
197 4
198 6
199 2
200 5
201 5
202 7
203 2
204 5
205 5
206 6
207 5
208 6
209 1
210 6
211 7
212 6
213 0
214 6
215 2
216 0
217 0
218 6
219 6
220 2
221 0
222 6
223 6
224 0
225 2
226 0
227 0
228 2
229 6
230 6
231 2
232 2
233 0
234 6
235 2
236 4
237 0
238 0
239 5
240 0
241 1
242 0
243 6
244 2
245 3
246 3
247 6
248 6
249 4
250 0
251 0
252 2
253 2
254 5
255 6
