########### code_s ###########
0 0.0
1 0.0
2 0.0
3 0.0
4 0.0
5 0.0
6 0.0
7 0.0
8 0.0
9 0.0
10 0.0
11 0.0
12 0.0
13 0.0
14 0.0
15 -0.15981525761187723
16 0.43577869389688784
17 0.0
18 0.0
19 0.0
20 0.0
21 0.0
22 0.0
23 0.0
24 0.0
25 0.0
26 0.0
27 0.0
28 0.0
29 0.0
30 0.0
31 0.0
32 0.0
33 0.0
34 0.0
35 0.0
36 0.0
37 0.0
38 0.0
39 0.0
40 0.0
41 0.0
42 0.0
43 0.0
44 0.0
45 0.0
46 0.6266431275996991
47 0.8491403225037606
48 0.7990012681522872
49 0.0
50 0.0
51 0.0
52 0.0
53 0.0
54 0.0
55 0.0
56 0.0
57 0.0
58 0.0
59 0.0
60 0.0
61 0.0
62 0.0
63 0.0
64 0.0
65 0.0
66 0.0
67 0.0
68 0.0
69 0.0
70 0.0
71 0.0
72 0.0
73 0.0
74 0.2795677773777402
75 0.38007764680075007
76 0.45885037570173337
77 0.2646292251737392
78 -2.020923619093646
79 0.45604360237881764
80 -0.7771037437699997
81 -0.27536917973542524
82 0.38710844107607384
83 -0.376091569730118
84 0.5089192921158151
85 0.0
86 0.0
87 0.0
88 0.0
89 0.0
90 0.0
91 0.0
92 0.0
93 0.0
94 0.0
95 0.0
96 0.0
97 0.0
98 0.0
99 0.0
100 0.0
101 0.0
102 0.0
103 0.0
104 0.0
105 0.628622786521291
106 1.0707674294997922
107 1.0107765384199872
108 0.28406469126738576
109 0.43577716555277624
110 0.5825547627657159
111 1.5967265413768053
112 -0.27483444584252903
113 0.7114546322943467
114 0.7089426947838299
115 0.8598472714382632
116 0.7558738839283812
117 0.6604436810502816
118 0.0
119 0.0
120 0.0
121 0.0
122 0.0
123 0.0
124 0.0
125 0.0
126 0.0
127 0.0
128 0.0
129 0.0
130 0.0
131 0.0
132 0.0
133 0.0
134 0.0
135 1.629128146220988
136 0.8166725446594415
137 0.4571898207555832
138 2.0443982248640964
139 -0.36439888693483485
140 -0.10114056621350918
141 -0.09604774895144089
142 -0.6002202641810995
143 1.2878774939246396
144 1.396430622956708
145 -0.6726335637734063
146 0.4280688560830318
147 -0.09283926471066566
148 4.209953323559429
149 0.7276378173395959
150 0.7999660259740993
151 1.7257602623050328
152 0.0
153 0.0
154 0.0
155 0.0
156 0.0
157 0.0
158 0.0
159 0.0
160 0.0
161 0.0
162 0.0
163 0.0
164 0.0
165 0.0
166 1.5668691344520658
167 0.5777984446802615
168 0.4009600312705612
169 -2.5127462744879163
170 -0.663870207065915
171 0.5786793503592637
172 -0.2598634986678346
173 0.7056774156391606
174 0.511385393542518
175 -0.316779825682225
176 -0.6248884034397152
177 0.612217024777078
178 0.07452893004091807
179 0.07452893004091807
180 -0.28893546041736623
181 0.31623646872215583
182 -0.32818028037961794
183 -0.9620831904373698
184 1.6004853270509347
185 0.0
186 0.0
187 0.0
188 0.0
189 0.0
190 0.0
191 0.0
192 0.0
193 0.0
194 0.0
195 0.0
196 0.0
197 0.0
198 0.970891457106014
199 -0.3439172778332915
200 0.3885242645585372
201 0.4167872499391083
202 -0.28421210755595616
203 0.4547074335400185
204 0.4598389280878056
205 0.5322367581424244
206 1.2653678120600482
207 -0.5964596526113549
208 -0.934593206039433
209 -0.774684967105587
210 -0.28421210755595616
211 -0.28421210755595616
212 -0.28421210755595616
213 0.5727482602592286
214 0.3740551801294471
215 -0.2973576148678856
216 0.6498253063681391
217 0.7214999747632989
218 0.0
219 0.0
220 0.0
221 0.0
222 0.0
223 0.0
224 0.0
225 0.0
226 0.0
227 0.0
228 0.0
229 0.9340124711664625
230 0.32687396725251616
231 0.3488037254106859
232 0.40447070370155447
233 0.4547074335400185
234 0.4547074335400185
235 0.32687396725251616
236 0.34880576836412797
237 0.5143812475951411
238 -0.7415612166001536
239 1.1967759501276851
240 -0.9441800818395276
241 1.2119900805147408
242 0.32687396725251616
243 0.32687396725251616
244 0.32687396725251616
245 -0.5864248681378246
246 -1.2192376837786358
247 -1.0337905942232495
248 -0.08802506302748168
249 -2.872173660177634
250 0.0
251 0.0
252 0.0
253 0.0
254 0.0
255 0.0
256 0.0
257 0.0
258 0.0
259 0.0
260 0.9414708482666573
261 -0.795947509764263
262 -0.9514079954209637
263 1.4549356857512057
264 -1.7181263732337044
265 -1.0565217391304347
266 -1.0565217391304347
267 -1.0565217391304347
268 0.5779036827195467
269 -0.4367945444163997
270 -0.5912821930742925
271 0.9390326490891604
272 -0.6014222430663323
273 -0.3298356449201909
274 -0.64296810746596
275 -0.6111669560449603
276 0.5779036827195467
277 -0.64296810746596
278 0.31309201691234895
279 0.08014321226646905
280 -0.5406858203381774
281 1.085902732067818
282 1.7186445465728466
283 0.0
284 0.0
285 0.0
286 0.0
287 0.0
288 0.0
289 0.0
290 0.0
291 0.0
292 0.855893646647164
293 0.6122922769600218
294 0.5991571410684181
295 0.8364328324268199
296 0.6513355338246589
297 -1.635372242776852
298 -0.5803055446092552
299 -0.7157749911470029
300 0.828752282538614
301 -0.64296810746596
302 1.5274086701500362
303 37.732142857142854
304 1.092501269109746
305 0.5753107184426357
306 0.9606758882243226
307 -0.6944339366193079
308 -1.536155764701841
309 -3.9567853534742894
310 0.2714255566520712
311 0.3491024569022133
312 5.369084337915119
313 -1.5944290290873249
314 0.7415421817319986
315 0.0
316 0.0
317 0.0
318 0.0
319 0.0
320 0.0
321 0.0
322 0.4924642107027299
323 -0.3006476043374447
324 1.2907083605946563
325 0.699773088885305
326 0.5830991968169932
327 -1.8518620849662633
328 1.1029946184323283
329 1.0352764134482912
330 1.716872484775099
331 0.6922106263648472
332 -2.5680686220254567
333 -1.0909313600599124
334 -0.44804554910763167
335 -0.44804554910763167
336 -1.382608695652174
337 -0.5056331680937359
338 0.968013660987304
339 1.1578306629749582
340 1.156316036973262
341 0.6471253929020748
342 -0.9520531731003198
343 -0.2411948503309347
344 -0.9070090718681404
345 -1.2318888473435818
346 -1.8946311440641832
347 -0.2980559706213679
348 0.503379062248447
349 0.0
350 0.0
351 0.0
352 0.0
353 0.7702537530478498
354 -0.3696951136071888
355 -0.7114635191174895
356 5.28957100591716
357 4.162455343192318
358 -0.6499460719940525
359 -0.6490441193400407
360 1.6243211040593881
361 2.067481119895184
362 2.163702221684342
363 -1.803798985304829
364 2.0497227642531057
365 2.076291063870246
366 0.5056331680937359
367 0.8411078717201166
368 -0.5188523358870362
369 1.8363535848400105
370 -0.8006034219356866
371 1.0274472013920157
372 2.104794173730057
373 1.2229741715839033
374 1.1095440149606894
375 -2.9634032531406973
376 0.5249432656764831
377 -0.7443506170572454
378 -1.0021340510318868
379 0.2568807645765616
380 -0.2828995043643014
381 0.5487448558274616
382 0.0
383 0.0
384 0.0
385 0.5035000317071725
386 0.39750492178303365
387 -0.7149854211866036
388 -4.329874120442292
389 2.1800385503589994
390 -0.37513484668526986
391 -0.8341159823136631
392 2.066667643863217
393 1.0089882080181296
394 -1.012005809761223
395 -3.345167451438181
396 1.8930541827221918
397 0.9792832881720779
398 -0.06180656838664614
399 -0.06180656838664614
400 -0.06180656838664614
401 1.5780710523853745
402 -0.840433722946929
403 -1.9419343542464935
404 -0.4355378630326289
405 -1.3053002672421519
406 1.1775223652051532
407 -2.567063992069952
408 -0.4560255790287968
409 -1.1531233424178848
410 4.56568333948912
411 -0.6671760931504076
412 0.3261017392467459
413 -1.0822009155765744
414 0.0
415 0.0
416 0.5290658082221595
417 0.34140315716396435
418 -0.7007180526179946
419 0.0544682643113643
420 -28.381827731092436
421 0.8176123236990372
422 1.3013274231938308
423 0.925828147726737
424 1.3679787243599144
425 1.806776539919729
426 1.3766040722443862
427 -2.677004334174099
428 1.2856269273489804
429 -0.4659872966377077
430 -0.06262342289021551
431 -0.06262342289021551
432 -0.06262342289021551
433 -0.06262342289021551
434 1.3853158442685973
435 -2.5505863305736933
436 1.077690481969112
437 1.1787924629236195
438 1.3505791395324214
439 0.8920167513360695
440 2.302447940647057
441 -0.32798833819241985
442 1.2445823532953648
443 0.0544682643113643
444 0.6438616748446977
445 0.42089412987823044
446 0.9103891753836277
447 0.0
448 0.45245369248143585
449 1.3515199056400036
450 -0.3828850056895911
451 -0.06262342289021551
452 -29.159138655462186
453 -3.301490246687194
454 1.4003682977558445
455 0.06262342289021551
456 0.5992275926499536
457 0.9739501358387571
458 0.744388865422485
459 -0.7772096665029526
460 0.6647662045895002
461 -0.6450373467830126
462 0.24712404836542767
463 19.826155462184875
464 0.2339625852957708
465 0.7150176988167377
466 0.7131300070360815
467 -0.7884528738466644
468 0.855162495661876
469 1.033679293387831
470 -0.4505343234031368
471 0.06262342289021551
472 -1.7957404212110317
473 -0.4607986184016665
474 -0.8874200239982778
475 -0.06262342289021551
476 0.8854602037450674
477 0.8387193568871552
478 0.5131473612580104
479 0.0
480 -0.46397509471581627
481 0.45885933330135253
482 -0.44482902055439555
483 -0.22263586262272345
484 -0.9429594003074231
485 -0.2668828736234748
486 -1.8973778556564556
487 0.4032937013839136
488 -0.32798833819241985
489 -0.32798833819241985
490 -0.32798833819241985
491 0.6392420876931417
492 89.61502100840336
493 0.9293866196919666
494 0.8638447864419497
495 1.9538174198673128
496 0.8576278081795689
497 0.9807560818575094
498 2.7384505755577067
499 0.6544488410124649
500 -0.32798833819241985
501 -0.32798833819241985
502 -0.32798833819241985
503 -0.26919157825129325
504 -0.9146352753032228
505 -0.6384306123301883
506 -0.9611904875311842
507 -0.22263586262272345
508 0.3597822692327768
509 -0.9213368495311591
510 -1.5522747341952814
511 0.0
512 -1.589844816506654
513 0.4245538069519332
514 -0.06423376177729581
515 0.32535608415877376
516 -0.9978997459846438
517 -0.5842345244795616
518 0.19555880471534315
519 -0.4043949738400289
520 0.06180656838664614
521 0.06180656838664614
522 0.06180656838664614
523 0.45203599687457613
524 -2.267258443515446
525 0.260932944606414
526 0.260932944606414
527 0.04525594847107971
528 0.260932944606414
529 0.260932944606414
530 -2.1643145932174273
531 0.24466497369575493
532 0.06180656838664614
533 0.06180656838664614
534 0.06180656838664614
535 -0.4620279313124972
536 -1.0025139820431217
537 0.5014429840007288
538 -0.9952052276962638
539 0.32535608415877376
540 0.3886220908755079
541 38.081932773109244
542 1.3390888337712405
543 0.0
544 -0.8905203264084469
545 1.126088151930516
546 0.03968124180696687
547 -0.06023321590967294
548 0.8044021170927388
549 -0.27621309082170376
550 0.5198912875673378
551 -0.6880306144726707
552 -0.42549732429513243
553 -0.06262342289021551
554 -0.06262342289021551
555 -0.06262342289021551
556 -1.8662741502202298
557 -2.205503483305724
558 1.297934421726943
559 0.24437856987925674
560 1.0584249258831417
561 -2.2089900450685507
562 -2.3077726481519556
563 -0.06262342289021551
564 -0.06262342289021551
565 -0.27944268157774327
566 -0.4982401883044553
567 0.36085588484705333
568 1.2697949900486043
569 -0.47671374114214843
570 -1.0064726251953555
571 -0.06023321590967294
572 0.03968124180696687
573 1.2013643671634198
574 1.347563934334841
575 0.0
576 -1.8327058414207922
577 0.49780527312047684
578 0.9166872760305543
579 -0.06262342289021551
580 1.0081860653148311
581 -0.35337293028263145
582 35.802758178319436
583 -0.5253105052391057
584 0.14862503485634074
585 -0.34079188523597875
586 0.24543111522470448
587 0.7672404265825218
588 0.23840286141829994
589 0.24643438901717002
590 0.9244586550371966
591 -75.16701680672269
592 1.0145585937095798
593 0.5583799085655686
594 0.23840286141829994
595 0.7536007778495069
596 0.22878337600470144
597 0.9204900144103064
598 -0.40724111011907355
599 -0.48552955074899423
600 1.5617301120147848
601 -0.2851860250786507
602 -0.8025376898536218
603 -0.06262342289021551
604 0.8496092076156164
605 0.5189354143666085
606 -0.9371401157881141
607 0.0
608 -1.81350977507451
609 -0.7236293483236068
610 -0.4738216243612337
611 0.06861585963560297
612 0.9935899865417428
613 0.6095971971320219
614 -2.2751154744473276
615 0.3190071362643469
616 -0.4735456338389213
617 1.140451967179587
618 -1.1299642391077318
619 0.7093908982562661
620 0.7092832150245622
621 -5.155256642034891
622 -1.3894388303151135
623 52.1234243697479
624 -0.8256659189042332
625 -5.633847426898106
626 0.5790660393290765
627 0.19942785612190772
628 1.2451484268206428
629 0.8988755227354681
630 -0.4418626132363195
631 -0.41579773878948556
632 -2.67414904557888
633 1.0347521233348274
634 0.9749893295377898
635 0.06861585963560297
636 -0.3146363091630175
637 -1.1524959574479026
638 0.764623831552801
639 0.0
640 0.7311658411818902
641 -0.31709469061582635
642 0.27850402397547414
643 0.07430113098822963
644 0.9603633475048284
645 -1.1206758405005977
646 -1.0136691445140205
647 -3.099287785890847
648 0.20690611524059166
649 -0.3778172771643677
650 0.40826646041579406
651 -0.3584181003425352
652 -0.43071473354231976
653 -0.739977193156273
654 -0.1012502996643124
655 0.9464756610362768
656 -0.11771086427021546
657 -2.4415808303501576
658 -0.34555182400524387
659 -0.412741423164124
660 0.37872182001113813
661 0.5830409228656711
662 0.21697514789775685
663 -1.8281010306137144
664 1.6930736160917925
665 -1.272909090909091
666 0.944388797631038
667 0.07404093548054055
668 1.6761828412331556
669 0.3060085699060405
670 0.6734384711790655
671 0.0
672 1.841550306419295
673 -0.5492716079131473
674 1.0336074563729283
675 -0.6953911934799294
676 -1.7932457951305232
677 -4.111898308144871
678 0.0
679 1.438573910473418
680 -0.536308202566585
681 -0.292548830101254
682 -0.15207101233134987
683 0.1786959247648903
684 0.45150450518756835
685 -0.28421210755595616
686 -0.4309119010825237
687 2.1964411716147216
688 -0.4375931581176963
689 0.8115701583393885
690 0.6145217972231753
691 0.14938802675404345
692 -0.1316712848553852
693 -0.3932549614822626
694 0.45352325729425863
695 1.006605813993796
696 0.0
697 -3.1910226113962996
698 3.0284500325485886
699 -0.7232470550225881
700 1.3914595708648618
701 -0.7926060730116717
702 0.8217706735723104
703 0.0
704 0.0
705 -1.1602333369784208
706 0.37894100477242654
707 0.44620726257957305
708 -0.616378328157717
709 -0.9250288009151778
710 0.0
711 -6.152654052055227
712 0.9533523233101354
713 -17.686974789915965
714 -0.5588395705459648
715 -0.40400050133141624
716 -2.2828747405710974
717 -0.44908721343317587
718 -12.806722689075631
719 -13.222689075630251
720 -0.5883296394816554
721 -1.5618589515296128
722 -4.601753037412928
723 0.05294131262645242
724 -0.3965786303476797
725 -18.251050420168067
726 -1.2021304956580856
727 -1.0122089652860646
728 0.0
729 -3.2658125182016624
730 -0.6732621396512811
731 0.28436365775852546
732 0.336559906117074
733 2.1422330359510586
734 0.0
735 0.0
736 0.0
737 2.9643479624429157
738 0.9827647729645911
739 -1.110932427715133
740 -0.9224394160284662
741 -3.3223890316061824
742 0.8971818531172975
743 -1.1266482677225538
744 0.5757274630064187
745 -0.19555880471534315
746 0.37125674066771613
747 0.9102878490108253
748 -1.0696537327010112
749 1.0861095456111185
750 3.1349206981164692
751 3.3220354124192193
752 1.245242719600921
753 0.4032924548675374
754 1.0133395832039769
755 -1.8004345397267298
756 0.45987085552194457
757 -0.19555880471534315
758 -1.8325334161290026
759 3.2693573615985128
760 1.2247778917691916
761 -1.2087999876281588
762 2.1249414897244767
763 1.4496689624763401
764 -1.513353935403339
765 3.376324632330762
766 0.0
767 0.0
768 0.0
769 0.0
770 2.420205545229221
771 0.8207766863976069
772 3.632106990726322
773 1.044434752166503
774 0.8049389591188751
775 -2.275964990774396
776 0.3542688177029175
777 -0.32798833819241985
778 -0.32798833819241985
779 0.1375636052347727
780 -0.9424020501202521
781 0.0
782 0.0
783 0.0
784 0.0
785 0.0
786 1.0498469171684537
787 0.15797311185490398
788 -0.32798833819241985
789 -0.32798833819241985
790 0.9464548477235415
791 -2.1912279343624914
792 1.0899471562919838
793 0.9627357048256294
794 3.772230652056102
795 1.6900790942979416
796 3.225363352783086
797 0.0
798 0.0
799 0.0
800 0.0
801 0.0
802 0.0
803 0.0
804 0.0
805 0.0
806 0.841652700181742
807 -1.0665916683342977
808 0.8369083740325486
809 0.260932944606414
810 0.260932944606414
811 0.9538851187878932
812 0.9448000469449055
813 0.048653659943550545
814 0.048653659943550545
815 0.048653659943550545
816 0.048653659943550545
817 0.048653659943550545
818 -0.8656904971187621
819 0.19026690550828482
820 0.260932944606414
821 0.260932944606414
822 0.8263684587649582
823 -0.4122861928064424
824 0.8640716787406258
825 0.0
826 0.0
827 0.0
828 0.0
829 0.0
830 0.0
831 0.0
832 0.0
833 0.0
834 0.4151386929948284
835 0.043396881362336666
836 0.057138638932029
837 0.07836764959211927
838 2.9888180521140946
839 -1.0160019533081777
840 4.312582935363137
841 0.24437856987925674
842 0.260932944606414
843 0.27926350217093443
844 -0.8464165433226696
845 -2.0450917162295124
846 0.2475624398082058
847 0.2569124554575217
848 0.252268767470903
849 1.035033175869983
850 -1.1652257915167918
851 0.8903621095757701
852 0.260932944606414
853 0.24437856987925674
854 0.6937298419446202
855 1.1427381387216975
856 -0.7551750317017739
857 0.2360578958050938
858 0.06604079095079876
859 0.04740218765002979
860 0.02820263177994685
861 0.38333333333333336
862 0.0
863 0.0
864 0.0
865 0.21941764511690942
866 0.39195574929484595
867 0.17782910144595349
868 0.23262937984269622
869 0.6098626920948041
870 -1.5376391399681872
871 0.3335561553236361
872 -0.9501195506485836
873 0.04525594847107971
874 0.260932944606414
875 -0.20180550108842066
876 -0.24437856987925674
877 1.9156300679571459
878 2.098697799308998
879 3.6639886578449907
880 2.1063213534625205
881 1.7001496478775795
882 -0.06180656838664614
883 0.536591730627032
884 0.260932944606414
885 0.04525594847107971
886 0.2664239043526849
887 0.48574864198499274
888 -0.5777870737626538
889 0.4485379506202044
890 0.32580941876184416
891 0.19483808759818205
892 0.13228421740321694
893 0.27517185072032446
894 0.004255534416822812
895 0.0
896 0.4151386929948284
897 0.1009329688165903
898 -1.1891842346471126
899 0.6097702528776286
900 0.23476021050792834
901 0.9739814889614888
902 0.7266470519458802
903 0.380212759184979
904 0.2965796313799622
905 -0.16769943046437885
906 -0.36601341786431985
907 -0.20529277483287967
908 -0.13016574178490398
909 0.7955799188670751
910 0.36479983148043627
911 -0.8897697723092535
912 0.36479983148043627
913 0.8164292425057282
914 -0.1731804645271088
915 -0.28576952388430793
916 -0.35764770465774987
917 0.7773220234947845
918 0.25956632653061223
919 -0.15844851686635344
920 0.768785580728784
921 0.9195453569137095
922 0.45169333946577916
923 0.5148284722995592
924 0.12612158749213778
925 -0.7761686526122823
926 -0.025003932429503623
927 0.0
928 0.38333333333333336
929 0.19889338573132345
930 0.37563787350410194
931 0.2102105333094611
932 0.26170083061287913
933 0.7424394286604323
934 1.283243977035735
935 -1.0362489871931282
936 -0.7007755614508018
937 -1.1377640007610832
938 -1.1407052705016807
939 -0.41788406422858815
940 -0.4774417017071791
941 0.45734531629811137
942 -0.551958191296232
943 -0.5436981054764195
944 -0.5573318887757018
945 0.4624441738771927
946 -0.4772185757658665
947 -0.42905733821320385
948 -1.1149156466036658
949 -0.4780274587919233
950 -0.680252761229271
951 -1.0035784814048865
952 1.286141174026559
953 0.7718767465015237
954 0.28527182849052646
955 0.2205799149465162
956 0.43136146612171183
957 0.19532116057860457
958 -0.08077640449557888
959 0.0
960 0.0
961 0.004255534416822812
962 0.05069553390569922
963 0.22786042006241006
964 0.26316744832070527
965 0.4562713646182923
966 0.9348289383424712
967 0.6834276235641756
968 -7.194500458295142
969 3.355227579990987
970 3.359612062490611
971 -0.5980647123363091
972 1.2777758726804889
973 0.4067506625059868
974 0.4671364283499409
975 0.36643580302418094
976 0.4648830638775111
977 0.4134260985150641
978 0.631988213892689
979 -0.5782959211556564
980 3.3829850157728707
981 3.387205197536428
982 0.9056399798501107
983 0.6845965467984018
984 0.9586279623443652
985 0.4786344722241392
986 0.3218170343182054
987 0.2913744810232547
988 0.2428265178899782
989 0.047458335937884635
990 0.0
991 0.0
992 0.0
993 0.0
994 0.0
995 0.0
996 0.38333333333333336
997 0.4151386929948284
998 0.07420030400114616
999 0.3437145636867103
1000 0.14842774513826587
1001 0.4623787057829786
1002 0.15810060770960688
1003 0.8365334782892142
1004 0.3477833449609945
1005 0.038072760924222376
1006 0.038072760924222376
1007 0.038072760924222376
1008 0.038072760924222376
1009 0.12236758070829643
1010 0.16362265936798473
1011 0.8365334782892142
1012 0.3955134932801333
1013 0.4623787057829786
1014 0.14842774513826587
1015 0.1162830051478108
1016 0.04605625268816134
1017 0.048653659943550545
1018 0.5462184873949579
1019 0.0
1020 0.0
1021 0.0
1022 0.0
1023 0.0
########### code_o ###########
0 255.0
1 255.0
2 255.0
3 255.0
4 255.0
5 255.0
6 255.0
7 255.0
8 255.0
9 255.0
10 255.0
11 255.0
12 255.0
13 255.0
14 255.0
15 254.117181868846
16 141.27916801169224
17 255.0
18 255.0
19 255.0
20 255.0
21 255.0
22 255.0
23 255.0
24 255.0
25 255.0
26 255.0
27 255.0
28 255.0
29 255.0
30 255.0
31 255.0
32 255.0
33 255.0
34 255.0
35 255.0
36 255.0
37 255.0
38 255.0
39 255.0
40 255.0
41 255.0
42 255.0
43 255.0
44 255.0
45 255.0
46 94.24629980134381
47 128.84893441466892
48 48.57813095994422
49 255.0
50 255.0
51 255.0
52 255.0
53 255.0
54 255.0
55 255.0
56 255.0
57 255.0
58 255.0
59 255.0
60 255.0
61 255.0
62 255.0
63 255.0
64 255.0
65 255.0
66 255.0
67 255.0
68 255.0
69 255.0
70 255.0
71 255.0
72 255.0
73 255.0
74 183.48327208038867
75 152.25320331583822
76 132.40764944427605
77 184.81791383450772
78 292.4371508778091
79 123.9734555477599
80 300.90522347923655
81 271.92467187399745
82 158.03927126486354
83 272.1088185709723
84 124.35830303000083
85 255.0
86 255.0
87 255.0
88 255.0
89 255.0
90 255.0
91 255.0
92 255.0
93 255.0
94 255.0
95 255.0
96 255.0
97 255.0
98 255.0
99 255.0
100 255.0
101 255.0
102 255.0
103 255.0
104 255.0
105 92.47927852084723
106 153.58137215551497
107 -2.2828060499711285
108 182.30388830930963
109 137.5366103278767
110 94.12332469465827
111 -116.71089047170295
112 238.2827776175798
113 63.363489815588196
114 159.56791084347884
115 34.96273088272585
116 36.759871529754435
117 82.48510661915631
118 255.0
119 255.0
120 255.0
121 255.0
122 255.0
123 255.0
124 255.0
125 255.0
126 255.0
127 255.0
128 255.0
129 255.0
130 255.0
131 255.0
132 255.0
133 255.0
134 255.0
135 -162.27551154384406
136 40.36711325648696
137 90.24885880125288
138 -277.3436027050351
139 328.1198171261061
140 257.5260621628588
141 257.25895369622066
142 275.71132035261894
143 140.86524077669483
144 -140.6421312176846
145 299.13659706615357
146 142.05264015662732
147 256.705447812148
148 -830.361866746792
149 121.6018967222181
150 40.6224199180065
151 -187.88431375353798
152 255.0
153 255.0
154 255.0
155 255.0
156 255.0
157 255.0
158 255.0
159 255.0
160 255.0
161 255.0
162 255.0
163 255.0
164 255.0
165 255.0
166 -146.62858521079983
167 97.90111807284224
168 77.33898161905793
169 805.3920377644137
170 391.81422976433
171 95.05685037439693
172 270.175015511515
173 50.079457089884215
174 107.83661134860826
175 286.08978847754497
176 327.1009302213339
177 74.08012990564507
178 214.82711689819425
179 214.82711689819425
180 298.9474599770357
181 149.5961492073266
182 222.13993347651927
183 379.77997238793546
184 70.36844162917737
185 255.0
186 255.0
187 255.0
188 255.0
189 255.0
190 255.0
191 255.0
192 255.0
193 255.0
194 255.0
195 255.0
196 255.0
197 255.0
198 -3.3587794314715893
199 213.73630648445805
200 79.50561959348465
201 114.37205281493651
202 264.80156226528464
203 128.46170978547502
204 127.42867578932363
205 89.00924300395509
206 -110.49680720594148
207 311.53091571730585
208 365.77654358372206
209 270.42053635605487
210 263.80156226528464
211 263.80156226528464
212 263.80156226528464
213 164.4863966779859
214 144.4981605464878
215 200.57176665339404
216 86.25344545567557
217 70.79641070334961
218 255.0
219 255.0
220 255.0
221 255.0
222 255.0
223 255.0
224 255.0
225 255.0
226 255.0
227 255.0
228 255.0
229 10.44475111140963
230 64.04852035451404
231 79.1799619612174
232 126.24633638579326
233 117.46170978547502
234 117.46170978547502
235 158.04852035451404
236 154.37990085624156
237 77.27830279789613
238 332.68403332460605
239 38.63223627384707
240 408.5465455926696
241 112.70006529390908
242 157.04852035451404
243 157.04852035451404
244 157.04852035451404
245 265.6739481291667
246 274.8961840307013
247 329.02148010601866
248 132.32993428353547
249 341.95439615025384
250 255.0
251 255.0
252 255.0
253 255.0
254 255.0
255 255.0
256 255.0
257 255.0
258 255.0
259 255.0
260 14.360843500559639
261 306.30481168238606
262 347.3408454317821
263 48.66487863483188
264 590.6800536703618
265 291.5869565217391
266 291.5869565217391
267 291.5869565217391
268 72.22025495750708
269 209.57730517681466
270 252.38248013751743
271 -29.403302789428466
272 248.48038133739811
273 200.87328509299948
274 333.2157315178653
275 326.1543223978799
276 71.22025495750708
277 332.2157315178653
278 147.18869454105283
279 210.74598053003746
280 243.24741734222692
281 -39.80551912881319
282 -184.8629247765458
283 255.0
284 255.0
285 255.0
286 255.0
287 255.0
288 255.0
289 255.0
290 255.0
291 255.0
292 38.54100709625948
293 45.719100423905985
294 56.73844476593952
295 98.06649805706243
296 -11.166932890105244
297 250.74811610345412
298 287.36705365517184
299 295.76240697561934
300 100.69312489280897
301 319.2157315178653
302 -196.28773688409257
303 -9442.42857142857
304 54.18208198866671
305 81.31568445896139
306 -64.40337347059736
307 290.97788970846466
308 245.01736168729764
309 576.0728232554726
310 89.04582763662802
311 137.20347848676323
312 -1078.1209787611915
313 361.3652008879601
314 63.05591550476689
315 255.0
316 255.0
317 255.0
318 255.0
319 255.0
320 255.0
321 255.0
322 127.61117219409476
323 264.49139481064316
324 -31.935115674176217
325 39.055502347195485
326 48.874942340932975
327 563.565457156581
328 -33.201362158419926
329 -15.793593871876169
330 -189.75186930735606
331 67.98338968674051
332 708.7575055340343
333 324.47343088439675
334 234.69908573305594
335 234.69908573305594
336 288.9347826086956
337 243.3155700766111
338 -0.11098704494969525
339 -48.918654632624
340 -45.55499736113802
341 83.48361542724689
342 348.6185447850001
343 164.26471677580525
344 345.8995863118321
345 399.09708392509583
346 379.4902699404365
347 264.5660782377116
348 124.88252962945371
349 255.0
350 255.0
351 255.0
352 255.0
353 57.00550391046943
354 270.64532503826024
355 360.6013859202885
356 -944.3959411982248
357 -241.9546312171144
358 220.85548054579806
359 237.24611188926593
360 -171.82269223103742
361 -229.85878957717506
362 -251.6518581900856
363 499.41825313206994
364 -164.60314914349635
365 -40.75982846087632
366 68.68442992338892
367 -32.57653061224488
368 227.62610785639177
369 -18.767107970498245
370 289.3217193107174
371 -24.910651792223263
372 -244.1832593905213
373 -65.8854898894349
374 -40.79260834486615
375 831.9852821476435
376 91.51482387229095
377 264.29808431762785
378 317.685591238029
379 165.5407428541703
380 247.47902877957915
381 113.36387598193306
382 255.0
383 255.0
384 255.0
385 128.11463142290904
386 149.86261188650695
387 354.67501328246544
388 1049.1510069222334
389 -61.24543126773679
390 228.48602636912753
391 235.35841948265085
392 -291.3848807922474
393 -20.149436348833802
394 267.3115896495602
395 864.9799710056415
396 -223.16942531046152
397 13.298929482186992
398 146.924338367198
399 146.924338367198
400 146.924338367198
401 -33.89407857295481
402 278.16527107565435
403 504.0171101706722
404 121.08511405477553
405 324.82135793767384
406 -63.18154218714517
407 537.4153888746998
408 241.74384280768237
409 362.7893569486608
410 -911.3097605638018
411 342.5997528457149
412 169.3282268572055
413 260.2629516076408
414 255.0
415 255.0
416 119.08660083148703
417 156.85946464414366
418 319.9030088705311
419 154.52656046370015
420 7346.016281512605
421 30.536110976830685
422 -130.62546985852535
423 -110.10159150666172
424 -118.20932779548892
425 -229.3601935121876
426 -120.80569594334543
427 324.82981734988743
428 -88.80912162047258
429 186.6882291641552
430 138.32898638151119
431 138.32898638151119
432 138.32898638151119
433 138.32898638151119
434 -124.52397894616797
435 316.2772725581359
436 -42.439127863180346
437 -71.18788136635317
438 -109.64552469023931
439 63.73757599479251
440 -95.6066014032831
441 133.02551020408163
442 -33.42480141985641
443 154.52656046370015
444 100.78632643700642
445 138.86134365943687
446 21.86126478946707
447 255.0
448 137.32826526181117
449 87.06296564816947
450 254.96406641310725
451 170.32898638151119
452 7538.206407563026
453 409.63640284769843
454 21.77270536347615
455 105.67101361848881
456 -35.20999009087407
457 -4.202488982770021
458 16.472297751767627
459 114.77767580794551
460 43.65580431399748
461 172.45558729292878
462 56.8625776981639
463 -4936.47006302521
464 62.6742566299143
465 -63.928569827633225
466 40.59639933157226
467 115.5349276165608
468 11.404781265667424
469 -8.878661095164986
470 165.81156761018445
471 105.67101361848881
472 449.8005201394828
473 102.04517120415977
474 202.81582954372033
475 170.32898638151119
476 17.628166824178038
477 27.742643864748118
478 124.65975959257116
479 255.0
480 269.9843382669899
481 116.28699123705093
482 260.84784822355084
483 184.6337913792474
484 215.14182730223183
485 118.68209394745938
486 540.5226916179874
487 7.300879136837281
488 180.02551020408163
489 180.02551020408163
490 180.02551020408163
491 21.128295211419825
492 -22610.860819327732
493 8.409987770311403
494 20.720067833717707
495 -208.02485320322558
496 20.068861712646765
497 9.784529096393953
498 -70.5432877169423
499 13.902848643234222
500 180.02551020408163
501 180.02551020408163
502 180.02551020408163
503 164.29633076418568
504 284.54352743793595
505 123.69152332712794
506 210.1333234486259
507 184.6337913792474
508 77.64751667973323
509 369.8856120680197
510 259.9558333730359
511 255.0
512 263.39032576925825
513 122.57685887152363
514 152.34048795445403
515 77.46108379726701
516 221.36809409213186
517 126.58819484923586
518 3.113748515032441
519 152.00843618129028
520 89.07566163280201
521 89.07566163280201
522 89.07566163280201
523 -12.654260833793742
524 264.9636367840309
525 182.7908163265306
526 182.7908163265306
527 230.6473038263744
528 183.7908163265306
529 183.7908163265306
530 603.1472634871118
531 39.647785592665926
532 89.07566163280201
533 89.07566163280201
534 89.07566163280201
535 162.38557920514234
536 159.17912728080228
537 3.4377440288060654
538 213.12212438804977
539 77.46108379726701
540 58.939139268563
541 -9489.88287815126
542 142.35293810407353
543 255.0
544 324.53925280085355
545 56.550907579345505
546 128.60051537822986
547 146.85841438221686
548 -30.085886522585724
549 82.49288095827325
550 -14.738834739170343
551 216.01944711053258
552 153.1015068480845
553 107.32898638151119
554 107.32898638151119
555 107.32898638151119
556 294.592071198148
557 596.6374401991177
558 -98.51076411047654
559 183.27299182994722
560 -35.963585397969155
561 603.7657808326858
562 342.7483284693862
563 107.32898638151119
564 107.32898638151119
565 151.38772814343514
566 167.45359672773628
567 17.363506393997927
568 -69.97857612443642
569 132.29187233275172
570 222.50843571840588
571 146.85841438221686
572 128.60051537822986
573 72.98163579580128
574 137.4886001435382
575 255.0
576 263.1212618017154
577 93.79161997059865
578 14.290049428013944
579 139.32898638151119
580 -21.49689403187658
581 113.88899385480644
582 -9038.266837716485
583 143.80883672329855
584 2.4953112135125046
585 127.42165676663589
586 26.71024238483556
587 23.7499111241045
588 50.913454870615716
589 24.23344629606644
590 -6.80047215512991
591 19229.263655462182
592 -14.598344555200057
593 -54.572974324026205
594 50.913454870615716
595 19.40715621197272
596 32.15556731729288
597 5.764699563851309
598 113.07538133902428
599 134.03372010781914
600 -260.4623282562552
601 138.14187965423469
602 231.55586196321192
603 139.32898638151119
604 16.1636038206141
605 67.84178859757293
606 324.30381600590476
607 255.0
608 471.46380282940436
609 300.7456697795085
610 238.93750203428763
611 105.2468812789764
612 -11.19083314442669
613 36.409530490386956
614 646.6419435006193
615 0.5655079101167644
616 129.9730415347945
617 -63.36541461193451
618 145.73266307711785
619 -31.47786905641557
620 -14.309064279894024
621 577.887560503326
622 423.51763954466287
623 -13105.31355042017
624 299.8992993908398
625 624.0814268441388
626 -7.39586593300303
627 -9.200832076092102
628 -69.31740346149138
629 -136.9264600960791
630 114.99856623596786
631 95.90911270582323
632 349.66319041108494
633 4.411272874560609
634 -16.37744540400928
635 105.2468812789764
636 198.45383564171243
637 356.72930070744076
638 57.807589201221944
639 255.0
640 64.76867285051156
641 193.76490248842907
642 100.2217448140299
643 105.34324592593518
644 -7.555882271597966
645 320.71102433179533
646 316.83320411533566
647 406.8454150208341
648 24.954908386311374
649 152.22897517421657
650 -31.644300872377187
651 93.38692800402359
652 112.12895699451411
653 204.06422140357722
654 194.04720279575304
655 -0.5373815123654708
656 198.49211834934678
657 342.29797082983526
658 92.03171486565054
659 102.45688947374526
660 10.514084225359923
661 22.689595887672155
662 22.403309214389033
663 516.0204322957454
664 -174.6491852972589
665 376.3210426136364
666 -13.05449609268264
667 105.3786803417354
668 42.29287149588963
669 97.600701930809
670 79.2347890696513
671 255.0
672 -217.04897186423875
673 244.56276154397972
674 54.4976937051121
675 276.06713600329397
676 269.60769386330725
677 552.2585275072856
678 255.0
679 -15.042950854193123
680 168.5189744363629
681 115.73058885172502
682 79.19278256904637
683 22.66823677507837
684 25.321834011947814
685 110.80156226528467
686 176.3408821968016
687 -144.11739167089615
688 179.30989255193106
689 -1.571473660304136
690 -8.44776083027574
691 30.056726258432217
692 73.80869498749024
693 77.28476200389431
694 -4.746839844060531
695 -9.660556626187514
696 255.0
697 437.58287226038675
698 -515.8173634019795
699 282.3904286011843
700 12.50213231259869
701 248.4770076092431
702 45.17973828434515
703 255.0
704 255.0
705 383.4194871362057
706 47.948280179732265
707 91.23129549275939
708 225.24146535225287
709 282.2458601847095
710 255.0
711 499.8183793134893
712 -112.23509145071972
713 4548.667016806722
714 89.43581655308631
715 120.14381033746501
716 295.98923224875887
717 89.4748105141786
718 3299.46218487395
719 3405.6848739495795
720 106.62743393506138
721 434.0306633460504
722 606.9018377745165
723 22.752409246463337
724 139.84713873441228
725 4692.540966386555
726 122.8029066350024
727 293.95386022309214
728 255.0
729 421.7294099238396
730 227.17872677537554
731 107.22685325269887
732 59.571413267380166
733 63.58141951392129
734 255.0
735 255.0
736 255.0
737 -501.4479420950353
738 -4.710451856864751
739 353.7083400198153
740 282.7665067227929
741 453.1005263277435
742 26.015011372914813
743 320.2511715862822
744 31.28782157443294
745 122.88625148496756
746 -12.949710170320813
747 4.589478402046282
748 313.07200295729797
749 -21.93953326485706
750 -106.65833395487743
751 -128.62675243048875
752 -65.35445189047067
753 152.08244428149703
754 -6.077845310363159
755 483.81857565753324
756 -35.689134119772035
757 122.88625148496756
758 210.76193930224156
759 -347.11103450524405
760 -57.75918443182462
761 293.13570501687536
762 -61.758783666741806
763 -165.8139892222785
764 451.37460683400536
765 -608.4434650435132
766 255.0
767 255.0
768 255.0
769 255.0
770 -362.4886363417935
771 45.17697302100177
772 -667.8170126156167
773 -15.562880243204631
774 49.77802607047013
775 298.11849557947517
776 60.76358902840336
777 157.02551020408163
778 157.02551020408163
779 51.762336989322684
780 294.27834992189224
781 255.0
782 255.0
783 255.0
784 255.0
785 255.0
786 -19.657500180040927
787 48.090890135282685
788 157.02551020408163
789 157.02551020408163
790 14.603206082596728
791 276.93863283214415
792 -21.147025540192544
793 5.94568500812656
794 -703.8566197736798
795 -187.90716996910783
796 -568.274904840991
797 255.0
798 255.0
799 255.0
800 255.0
801 255.0
802 255.0
803 255.0
804 255.0
805 255.0
806 46.10706614876776
807 214.9083582576589
808 41.80186918920673
809 37.79081632653062
810 37.79081632653062
811 7.115987977744993
812 -3.9423391679648176
813 242.75774325799873
814 242.75774325799873
815 242.75774325799873
816 242.75774325799873
817 242.75774325799873
818 281.8953143808095
819 45.480961626735336
820 37.79081632653062
821 37.79081632653062
822 36.00169139973026
823 184.26564409321512
824 36.77039045452531
825 255.0
826 255.0
827 255.0
828 255.0
829 255.0
830 255.0
831 255.0
832 255.0
833 255.0
834 149.0942642219088
835 243.97993804516832
836 240.06229521040677
837 234.4894250671167
838 -187.1225226156243
839 205.6568012355831
840 -954.0290383155998
841 50.27299182994722
842 43.79081632653062
843 56.693684065640035
844 284.10574961293094
845 557.0792949618212
846 189.72963148181378
847 187.6988153874821
848 188.70742079029446
849 -14.437553888696726
850 365.78192972283557
851 13.961562325517761
852 43.79081632653062
853 50.27299182994722
854 56.63602219707255
855 -69.42698147557289
856 293.0509141185275
857 194.053688353625
858 237.62578380723755
859 242.91571098443399
860 247.90066218747867
861 157.25208333333333
862 255.0
863 255.0
864 255.0
865 198.63760156772503
866 153.77422249899263
867 204.02193953326187
868 188.5905969868203
869 82.92391875446538
870 318.3546858113832
871 21.52639986697828
872 216.78979283093662
873 97.64730382637441
874 50.79081632653062
875 128.1308675782128
876 123.72700817005278
877 -34.26065796077606
878 -135.9118632172901
879 -630.2119565217391
880 -137.1314347209704
881 -52.94743047019293
882 87.92433836719799
883 55.24929634109107
884 50.79081632653062
885 97.64730382637441
886 85.8010769533171
887 20.553228216048737
888 246.6277566656079
889 127.57509611914064
890 162.13057314738464
891 200.53010606450997
892 217.66578892765676
893 183.74448234085702
894 253.96895982588117
895 255.0
896 149.0942642219088
897 228.05513064265622
898 403.37769248395966
899 74.35552661903017
900 156.50455121164185
901 -54.299589694313966
902 -45.845666237654996
903 13.480057217402276
904 45.988111413043484
905 125.08838741589385
906 172.60931550875222
907 133.50281800169216
908 97.67873132505028
909 -54.86539884618671
910 79.25628141800188
911 357.44834147269614
912 79.25628141800188
913 -59.777555518546194
914 117.85121327961828
915 153.80828301697863
916 170.21888643565464
917 36.82445727935276
918 57.082589285714285
919 117.9466365257885
920 -44.67607702890405
921 -47.70260086016998
922 91.026050685287
923 89.07247723165362
924 206.80020701533547
925 353.95084784601283
926 255.53662385598753
927 255.0
928 157.25208333333333
929 203.51594717187714
930 155.92421880880102
931 186.9213884110002
932 167.1339146305041
933 39.85451551575474
934 -130.72591042994281
935 341.16612467410835
936 261.8081491068906
937 373.566467939367
938 374.5404801166994
939 186.57160217871268
940 188.15381014107402
941 66.34498020252181
942 271.9206751614457
943 272.5405645156701
944 272.7129968527163
945 65.24556718945118
946 187.62357966808025
947 188.58707277570232
948 367.8658868205746
949 205.30857941906328
950 256.3789893630584
951 332.3496955509745
952 -133.59379792285046
953 29.538189736850796
954 156.61115324236525
955 182.641124501619
956 139.12919982782034
957 205.43040790746102
958 272.55348965529
959 255.0
960 255.0
961 253.96895982588117
962 242.24658162008137
963 195.97004080960536
964 185.78373789249957
965 137.40451413869476
966 12.960990458251644
967 73.68958177997942
968 1179.9886571952338
969 -347.9648490310951
970 -346.68734274072403
971 276.1126293868007
972 -84.39279136637953
973 148.0102736077987
974 128.28833271272748
975 157.85795127961438
976 128.76994921569826
977 146.48873856596558
978 89.00842561732308
979 274.7263389030636
980 -351.06888308359623
981 -353.7149851659907
982 5.2920447466065355
983 72.4793284003488
984 5.991863184691397
985 128.73574368846099
986 170.52007737668748
987 178.9506154899367
988 192.5070882703813
989 243.1273232828078
990 255.0
991 255.0
992 255.0
993 255.0
994 255.0
995 255.0
996 157.25208333333333
997 149.0942642219088
998 236.14240558009558
999 167.43325782745558
1000 217.3030991504611
1001 137.06403922618927
1002 214.80703809980432
1003 41.30928131931114
1004 166.37340648189257
1005 245.251039039463
1006 245.251039039463
1007 245.251039039463
1008 245.251039039463
1009 223.77984919343209
1010 213.26366080507847
1011 41.30928131931114
1012 153.97444278194422
1013 137.06403922618927
1014 217.3030991504611
1015 225.48926662945956
1016 243.43091848473455
1017 242.75774325799873
1018 115.69747899159665
1019 255.0
1020 255.0
1021 255.0
1022 255.0
1023 255.0
########### code_n ###########
0 0
1 0
2 0
3 0
4 0
5 0
6 0
7 0
8 0
9 0
10 0
11 0
12 0
13 0
14 0
15 390
16 100
17 0
18 0
19 0
20 0
21 0
22 0
23 0
24 0
25 0
26 0
27 0
28 0
29 0
30 0
31 0
32 0
33 0
34 0
35 0
36 0
37 0
38 0
39 0
40 0
41 0
42 0
43 0
44 0
45 0
46 221
47 615
48 171
49 0
50 0
51 0
52 0
53 0
54 0
55 0
56 0
57 0
58 0
59 0
60 0
61 0
62 0
63 0
64 0
65 0
66 0
67 0
68 0
69 0
70 0
71 0
72 0
73 0
74 772
75 674
76 620
77 762
78 702
79 305
80 232
81 768
82 447
83 724
84 243
85 0
86 0
87 0
88 0
89 0
90 0
91 0
92 0
93 0
94 0
95 0
96 0
97 0
98 0
99 0
100 0
101 0
102 0
103 0
104 0
105 221
106 579
107 903
108 480
109 402
110 210
111 195
112 625
113 211
114 584
115 903
116 113
117 221
118 0
119 0
120 0
121 0
122 0
123 0
124 0
125 0
126 0
127 0
128 0
129 0
130 0
131 0
132 0
133 0
134 0
135 280
136 161
137 161
138 834
139 174
140 918
141 916
142 477
143 692
144 863
145 476
146 174
147 922
148 807
149 503
150 178
151 307
152 0
153 0
154 0
155 0
156 0
157 0
158 0
159 0
160 0
161 0
162 0
163 0
164 0
165 0
166 339
167 612
168 146
169 135
170 135
171 142
172 325
173 116
174 290
175 852
176 462
177 160
178 913
179 913
180 902
181 191
182 210
183 147
184 456
185 0
186 0
187 0
188 0
189 0
190 0
191 0
192 0
193 0
194 0
195 0
196 0
197 0
198 161
199 211
200 70
201 41
202 324
203 236
204 236
205 480
206 863
207 223
208 163
209 635
210 324
211 324
212 324
213 827
214 483
215 221
216 612
217 220
218 0
219 0
220 0
221 0
222 0
223 0
224 0
225 0
226 0
227 0
228 0
229 221
230 324
231 651
232 231
233 236
234 236
235 324
236 324
237 179
238 914
239 324
240 863
241 692
242 324
243 324
244 324
245 504
246 732
247 892
248 913
249 692
250 0
251 0
252 0
253 0
254 0
255 0
256 0
257 0
258 0
259 0
260 681
261 682
262 70
263 848
264 896
265 753
266 753
267 753
268 197
269 602
270 904
271 913
272 911
273 318
274 197
275 197
276 197
277 197
278 645
279 243
280 730
281 132
282 402
283 0
284 0
285 0
286 0
287 0
288 0
289 0
290 0
291 0
292 651
293 452
294 787
295 553
296 306
297 629
298 479
299 462
300 504
301 197
302 105
303 757
304 615
305 292
306 307
307 462
308 630
309 846
310 221
311 643
312 165
313 874
314 705
315 0
316 0
317 0
318 0
319 0
320 0
321 0
322 190
323 705
324 263
325 543
326 792
327 840
328 161
329 243
330 729
331 682
332 175
333 467
334 325
335 325
336 753
337 324
338 192
339 100
340 726
341 772
342 191
343 612
344 169
345 70
346 437
347 688
348 211
349 0
350 0
351 0
352 0
353 70
354 318
355 81
356 227
357 848
358 409
359 435
360 402
361 172
362 295
363 100
364 559
365 763
366 324
367 204
368 324
369 754
370 719
371 595
372 295
373 221
374 243
375 105
376 799
377 792
378 914
379 613
380 393
381 211
382 0
383 0
384 0
385 317
386 331
387 70
388 197
389 561
390 761
391 559
392 402
393 688
394 944
395 307
396 435
397 584
398 821
399 821
400 821
401 484
402 719
403 70
404 948
405 543
406 681
407 295
408 380
409 147
410 166
411 70
412 331
413 610
414 0
415 0
416 274
417 688
418 240
419 913
420 757
421 602
422 238
423 281
424 178
425 402
426 799
427 519
428 192
429 554
430 913
431 913
432 913
433 913
434 162
435 519
436 761
437 681
438 161
439 665
440 499
441 204
442 419
443 913
444 922
445 719
446 433
447 0
448 705
449 615
450 730
451 913
452 757
453 475
454 530
455 913
456 115
457 793
458 762
459 580
460 593
461 721
462 780
463 757
464 479
465 48
466 593
467 580
468 645
469 793
470 222
471 913
472 229
473 506
474 592
475 913
476 430
477 433
478 787
479 0
480 644
481 788
482 788
483 325
484 530
485 749
486 281
487 243
488 204
489 204
490 204
491 499
492 757
493 274
494 756
495 466
496 756
497 478
498 592
499 468
500 204
501 204
502 204
503 237
504 306
505 592
506 561
507 325
508 237
509 436
510 631
511 0
512 638
513 728
514 853
515 235
516 522
517 499
518 197
519 210
520 821
521 821
522 821
523 50
524 580
525 204
526 204
527 912
528 204
529 204
530 399
531 274
532 821
533 821
534 821
535 161
536 456
537 583
538 553
539 235
540 196
541 757
542 607
543 0
544 285
545 357
546 917
547 913
548 555
549 625
550 316
551 339
552 178
553 913
554 913
555 913
556 441
557 399
558 681
559 235
560 681
561 399
562 456
563 913
564 913
565 237
566 131
567 596
568 522
569 426
570 491
571 913
572 917
573 615
574 600
575 0
576 638
577 195
578 585
579 913
580 491
581 679
582 959
583 306
584 688
585 221
586 674
587 733
588 325
589 274
590 786
591 757
592 786
593 281
594 325
595 537
596 688
597 534
598 82
599 682
600 164
601 100
602 555
603 913
604 529
605 729
606 285
607 0
608 559
609 461
610 619
611 914
612 553
613 693
614 339
615 674
616 221
617 553
618 592
619 459
620 500
621 816
622 399
623 757
624 649
625 816
626 666
627 750
628 561
629 430
630 540
631 549
632 487
633 427
634 522
635 914
636 730
637 467
638 750
639 0
640 761
641 731
642 705
643 563
644 561
645 479
646 612
647 456
648 221
649 237
650 221
651 792
652 780
653 725
654 595
655 236
656 514
657 553
658 756
659 818
660 292
661 537
662 191
663 115
664 100
665 780
666 530
667 563
668 640
669 674
670 705
671 0
672 402
673 718
674 515
675 400
676 504
677 417
678 0
679 635
680 110
681 433
682 787
683 780
684 537
685 324
686 674
687 783
688 674
689 722
690 419
691 756
692 688
693 537
694 440
695 674
696 0
697 561
698 237
699 400
700 816
701 617
702 274
703 0
704 0
705 191
706 221
707 545
708 612
709 727
710 0
711 640
712 404
713 757
714 537
715 195
716 592
717 418
718 757
719 757
720 417
721 729
722 416
723 680
724 402
725 757
726 607
727 688
728 0
729 592
730 612
731 786
732 221
733 580
734 0
735 0
736 0
737 280
738 612
739 101
740 221
741 754
742 220
743 478
744 285
745 197
746 402
747 701
748 731
749 726
750 592
751 592
752 728
753 243
754 674
755 865
756 402
757 197
758 661
759 585
760 681
761 457
762 488
763 374
764 147
765 307
766 0
767 0
768 0
769 0
770 310
771 680
772 902
773 179
774 730
775 794
776 480
777 204
778 204
779 705
780 705
781 0
782 0
783 0
784 0
785 0
786 719
787 787
788 204
789 204
790 499
791 754
792 780
793 160
794 902
795 372
796 280
797 0
798 0
799 0
800 0
801 0
802 0
803 0
804 0
805 0
806 792
807 584
808 584
809 204
810 204
811 763
812 762
813 944
814 944
815 944
816 944
817 944
818 725
819 780
820 204
821 204
822 553
823 480
824 787
825 0
826 0
827 0
828 0
829 0
830 0
831 0
832 0
833 0
834 802
835 948
836 949
837 951
838 783
839 615
840 800
841 235
842 204
843 326
844 220
845 436
846 821
847 821
848 821
849 788
850 729
851 794
852 204
853 235
854 584
855 883
856 761
857 943
858 951
859 949
860 948
861 803
862 0
863 0
864 0
865 900
866 865
867 923
868 916
869 924
870 522
871 403
872 887
873 912
874 204
875 222
876 235
877 615
878 324
879 173
880 324
881 354
882 821
883 536
884 204
885 912
886 285
887 263
888 480
889 915
890 915
891 916
892 904
893 927
894 687
895 0
896 802
897 925
898 523
899 870
900 873
901 895
902 840
903 403
904 173
905 793
906 399
907 190
908 354
909 871
910 883
911 789
912 883
913 871
914 167
915 70
916 399
917 794
918 204
919 594
920 894
921 895
922 894
923 895
924 905
925 523
926 500
927 0
928 803
929 808
930 839
931 904
932 916
933 841
934 863
935 925
936 943
937 789
938 789
939 948
940 916
941 905
942 913
943 913
944 913
945 905
946 916
947 948
948 789
949 943
950 943
951 925
952 863
953 841
954 916
955 916
956 864
957 864
958 174
959 0
960 0
961 687
962 903
963 832
964 831
965 925
966 925
967 915
968 523
969 324
970 324
971 906
972 925
973 915
974 821
975 913
976 821
977 915
978 915
979 917
980 324
981 324
982 914
983 915
984 925
985 831
986 831
987 832
988 833
989 902
990 0
991 0
992 0
993 0
994 0
995 0
996 803
997 802
998 954
999 955
1000 952
1001 944
1002 940
1003 956
1004 789
1005 950
1006 950
1007 950
1008 950
1009 944
1010 943
1011 956
1012 943
1013 944
1014 952
1015 936
1016 942
1017 944
1018 757
1019 0
1020 0
1021 0
1022 0
1023 0
########### code_t ###########
0 0
1 0
2 0
3 0
4 0
5 0
6 0
7 0
8 0
9 0
10 0
11 0
12 0
13 0
14 0
15 7
16 7
17 0
18 0
19 0
20 0
21 0
22 0
23 0
24 0
25 0
26 0
27 0
28 0
29 0
30 0
31 0
32 0
33 0
34 0
35 0
36 0
37 0
38 0
39 0
40 0
41 0
42 0
43 0
44 0
45 0
46 0
47 0
48 0
49 0
50 0
51 0
52 0
53 0
54 0
55 0
56 0
57 0
58 0
59 0
60 0
61 0
62 0
63 0
64 0
65 0
66 0
67 0
68 0
69 0
70 0
71 0
72 0
73 0
74 6
75 5
76 7
77 3
78 5
79 2
80 7
81 3
82 6
83 3
84 4
85 0
86 0
87 0
88 0
89 0
90 0
91 0
92 0
93 0
94 0
95 0
96 0
97 0
98 0
99 0
100 0
101 0
102 0
103 0
104 0
105 3
106 6
107 1
108 0
109 7
110 1
111 0
112 0
113 0
114 7
115 0
116 0
117 7
118 0
119 0
120 0
121 0
122 0
123 0
124 0
125 0
126 0
127 0
128 0
129 0
130 0
131 0
132 0
133 0
134 0
135 0
136 3
137 4
138 7
139 2
140 1
141 1
142 0
143 1
144 5
145 1
146 0
147 1
148 5
149 3
150 4
151 0
152 0
153 0
154 0
155 0
156 0
157 0
158 0
159 0
160 0
161 0
162 0
163 0
164 0
165 0
166 1
167 6
168 7
169 3
170 6
171 1
172 6
173 5
174 7
175 2
176 0
177 1
178 2
179 2
180 0
181 2
182 0
183 6
184 5
185 0
186 0
187 0
188 0
189 0
190 0
191 0
192 0
193 0
194 0
195 0
196 0
197 0
198 0
199 1
200 4
201 4
202 2
203 0
204 0
205 4
206 4
207 4
208 2
209 5
210 2
211 2
212 2
213 2
214 2
215 1
216 5
217 1
218 0
219 0
220 0
221 0
222 0
223 0
224 0
225 0
226 0
227 0
228 0
229 0
230 0
231 1
232 7
233 0
234 0
235 0
236 0
237 1
238 4
239 1
240 7
241 3
242 0
243 0
244 0
245 6
246 0
247 5
248 1
249 4
250 0
251 0
252 0
253 0
254 0
255 0
256 0
257 0
258 0
259 0
260 6
261 1
262 3
263 5
264 7
265 0
266 0
267 0
268 0
269 2
270 0
271 2
272 0
273 6
274 2
275 6
276 0
277 2
278 1
279 3
280 1
281 7
282 0
283 0
284 0
285 0
286 0
287 0
288 0
289 0
290 0
291 0
292 2
293 4
294 2
295 6
296 1
297 2
298 6
299 3
300 0
301 2
302 1
303 2
304 3
305 1
306 1
307 7
308 2
309 1
310 7
311 5
312 3
313 4
314 0
315 0
316 0
317 0
318 0
319 0
320 0
321 0
322 3
323 7
324 7
325 3
326 1
327 4
328 6
329 7
330 6
331 4
332 6
333 2
334 2
335 2
336 0
337 6
338 6
339 6
340 6
341 1
342 1
343 7
344 5
345 7
346 2
347 5
348 4
349 0
350 0
351 0
352 0
353 3
354 3
355 1
356 3
357 4
358 2
359 6
360 2
361 1
362 1
363 2
364 0
365 2
366 1
367 0
368 6
369 2
370 0
371 7
372 0
373 1
374 6
375 5
376 0
377 1
378 4
379 5
380 5
381 0
382 0
383 0
384 0
385 6
386 1
387 4
388 4
389 1
390 6
391 6
392 0
393 2
394 0
395 5
396 0
397 0
398 2
399 2
400 2
401 1
402 2
403 7
404 0
405 3
406 6
407 3
408 3
409 7
410 7
411 5
412 6
413 7
414 0
415 0
416 1
417 6
418 1
419 2
420 4
421 5
422 6
423 5
424 0
425 4
426 3
427 4
428 0
429 6
430 0
431 0
432 0
433 0
434 1
435 5
436 4
437 4
438 3
439 4
440 0
441 2
442 4
443 6
444 5
445 2
446 0
447 0
448 1
449 0
450 6
451 0
452 4
453 2
454 2
455 2
456 6
457 7
458 3
459 6
460 3
461 5
462 7
463 0
464 2
465 1
466 7
467 2
468 7
469 3
470 3
471 2
472 4
473 2
474 2
475 0
476 0
477 6
478 0
479 0
480 6
481 1
482 2
483 6
484 6
485 1
486 6
487 0
488 2
489 2
490 2
491 0
492 4
493 3
494 3
495 5
496 7
497 1
498 0
499 1
500 2
501 2
502 2
503 2
504 7
505 2
506 2
507 2
508 0
509 2
510 4
511 0
512 3
513 7
514 6
515 0
516 2
517 6
518 0
519 6
520 0
521 0
522 0
523 3
524 7
525 0
526 0
527 2
528 0
529 0
530 2
531 2
532 0
533 0
534 0
535 6
536 6
537 0
538 6
539 0
540 0
541 4
542 5
543 0
544 2
545 0
546 6
547 1
548 1
549 0
550 2
551 6
552 3
553 0
554 0
555 0
556 4
557 3
558 5
559 0
560 4
561 7
562 0
563 0
564 0
565 2
566 6
567 2
568 0
569 1
570 6
571 0
572 2
573 0
574 5
575 0
576 5
577 1
578 1
579 0
580 1
581 5
582 3
583 6
584 7
585 5
586 4
587 2
588 0
589 3
590 4
591 2
592 5
593 6
594 0
595 1
596 3
597 1
598 2
599 7
600 0
601 4
602 6
603 0
604 1
605 3
606 6
607 0
608 6
609 6
610 2
611 6
612 1
613 0
614 0
615 3
616 7
617 2
618 6
619 5
620 3
621 0
622 5
623 2
624 5
625 1
626 0
627 3
628 2
629 7
630 1
631 6
632 3
633 2
634 0
635 2
636 0
637 6
638 6
639 0
640 2
641 2
642 6
643 1
644 0
645 4
646 2
647 2
648 7
649 6
650 5
651 7
652 7
653 6
654 0
655 2
656 4
657 0
658 5
659 5
660 0
661 1
662 3
663 1
664 6
665 6
666 1
667 1
668 4
669 1
670 2
671 0
672 6
673 1
674 1
675 0
676 4
677 3
678 0
679 5
680 5
681 3
682 3
683 7
684 0
685 2
686 3
687 3
688 7
689 2
690 0
691 5
692 4
693 2
694 5
695 0
696 0
697 1
698 7
699 1
700 6
701 0
702 2
703 0
704 0
705 1
706 1
707 1
708 5
709 7
710 0
711 4
712 6
713 0
714 0
715 2
716 3
717 2
718 2
719 2
720 2
721 6
722 1
723 4
724 5
725 0
726 5
727 2
728 0
729 1
730 4
731 1
732 0
733 3
734 0
735 0
736 0
737 5
738 1
739 1
740 2
741 2
742 0
743 5
744 6
745 0
746 3
747 7
748 2
749 0
750 4
751 5
752 0
753 7
754 1
755 1
756 7
757 0
758 3
759 2
760 2
761 1
762 0
763 4
764 1
765 7
766 0
767 0
768 0
769 0
770 5
771 7
772 0
773 7
774 0
775 6
776 7
777 0
778 0
779 6
780 6
781 0
782 0
783 0
784 0
785 0
786 0
787 2
788 0
789 0
790 1
791 6
792 1
793 5
794 1
795 4
796 6
797 0
798 0
799 0
800 0
801 0
802 0
803 0
804 0
805 0
806 0
807 1
808 1
809 2
810 2
811 1
812 1
813 2
814 2
815 2
816 2
817 2
818 2
819 6
820 2
821 2
822 0
823 5
824 0
825 0
826 0
827 0
828 0
829 0
830 0
831 0
832 0
833 0
834 1
835 2
836 2
837 6
838 2
839 1
840 3
841 2
842 2
843 2
844 2
845 2
846 0
847 0
848 1
849 1
850 3
851 0
852 2
853 6
854 0
855 4
856 2
857 2
858 2
859 6
860 6
861 0
862 0
863 0
864 0
865 2
866 5
867 6
868 2
869 6
870 2
871 1
872 3
873 0
874 2
875 6
876 0
877 0
878 1
879 0
880 0
881 1
882 0
883 4
884 2
885 1
886 0
887 4
888 7
889 6
890 6
891 6
892 6
893 2
894 5
895 0
896 5
897 4
898 4
899 2
900 2
901 6
902 3
903 1
904 2
905 4
906 7
907 4
908 6
909 6
910 6
911 2
912 2
913 2
914 6
915 2
916 3
917 5
918 2
919 0
920 5
921 2
922 2
923 2
924 3
925 5
926 2
927 0
928 3
929 5
930 2
931 0
932 0
933 2
934 6
935 2
936 2
937 1
938 0
939 2
940 2
941 1
942 6
943 2
944 2
945 0
946 6
947 6
948 1
949 6
950 6
951 6
952 2
953 6
954 1
955 1
956 2
957 7
958 5
959 0
960 0
961 1
962 0
963 6
964 6
965 1
966 1
967 0
968 1
969 2
970 6
971 2
972 0
973 1
974 6
975 0
976 2
977 0
978 0
979 6
980 2
981 6
982 1
983 1
984 0
985 2
986 2
987 2
988 2
989 1
990 0
991 0
992 0
993 0
994 0
995 0
996 6
997 6
998 1
999 1
1000 1
1001 1
1002 0
1003 0
1004 6
1005 0
1006 0
1007 0
1008 0
1009 1
1010 1
1011 1
1012 1
1013 0
1014 0
1015 1
1016 0
1017 0
1018 2
1019 0
1020 0
1021 0
1022 0
1023 0
