########### code_s ###########
0 -0.30151729931222765
1 -0.0959964868205869
2 0.7084800947165902
3 0.4746072600987478
4 0.7440989199392718
5 -0.12024693329075863
6 -0.10618687714585895
7 0.31519535138869137
8 0.20730416248922043
9 0.2323105298457411
10 -0.38994481912936846
11 0.02527980949658978
12 0.027616650059339286
13 0.3776827632461435
14 -0.21917998730953436
15 -0.09378078844072722
16 -0.07068190472360496
17 0.2629960871995528
18 -0.20053715308863027
19 -0.5671749941680309
20 -1.2824919585658054
21 0.08577234468509357
22 0.08699571499350878
23 0.20411817367949867
24 -0.1460596028208335
25 0.6099530922194419
26 1.0327119425612528
27 0.67669020058753
28 -0.40105576610720084
29 -0.20411817367949867
30 -0.06263454677295102
31 -1.0111782231809492
32 0.38994481912936846
33 -0.30054330600927276
34 0.5090127672104943
35 0.4412056185696119
36 -0.10188532667509023
37 -0.02527980949658978
38 -0.15663425954571103
39 -0.2815917178906503
40 -0.20730416248922043
41 -0.20411817367949867
42 -0.047042515837718214
43 0.25685273896335886
44 -0.21647164716471648
45 0.23976540938362464
46 -0.2815917178906503
47 -0.30147106399984774
48 -0.3776827632461435
49 0.07074812191984411
50 -0.20411817367949867
51 0.385227391168398
52 0.381915988677079
53 0.7098877670671723
54 -0.05041491663443387
55 -0.1995013987477877
56 -0.0959964868205869
57 0.6736544181137868
58 0.5537163049693249
59 1.317610892577313
60 0.09544897834062156
61 0.2459340739127278
62 -1.0160405339164338
63 0.07375854442576864
64 0.39197008185153825
65 -0.9455063715627096
66 0.060672264018331465
67 0.4469114951823178
68 0.14241756343729114
69 -0.45668651867893884
70 -0.1481590378112999
71 -0.1995013987477877
72 -0.20730416248922043
73 0.20071935600510019
74 0.47934218298255976
75 0.20730416248922043
76 -0.5000900237335297
77 -0.45547169001780585
78 -0.5923324458849404
79 0.6081347595071811
80 -0.3962181606066498
81 0.08821445222774642
82 -0.04476726742441686
83 0.6038237655560016
84 0.2388615004261937
85 0.48757257078662053
86 -0.1238165802255701
87 -0.20411817367949867
88 -0.04526843761214458
89 -0.12059981652290702
90 -0.7015793596649832
91 1.0496635164961847
92 -0.4135119959162838
93 0.9815391287863057
94 0.11741979183194011
95 -0.8615952051636699
96 0.11036359311143007
97 0.5726169582848454
98 -0.35600988885971824
99 0.46342009991114047
100 0.12737678634455518
101 0.30147106399984774
102 -0.5764387417282204
103 -0.14981245053167694
104 0.31411014670865656
105 -0.06455229818816642
106 -0.15027249227437348
107 -0.49273125604250373
108 0.14142320498798353
109 1.0584177668611197
110 -0.10332876835281413
111 0.3546241267020093
112 -0.7679569095264986
113 1.2041949929232696
114 -0.1742943683491034
115 0.45348900490887917
116 -0.3870804019708126
117 -0.2601623348210379
118 0.5804355752975106
119 0.49444370438403995
120 0.3707470692212357
121 -0.10241687923018027
122 -0.6054214301128098
123 0.8328679308355755
124 5.283834194537974
125 0.31376811594202897
126 0.14429548355296773
127 -0.030572726244770268
128 1.1760645714434177
129 0.5395496547844556
130 0.2104042009338625
131 0.4654419008772217
132 0.18603875202224335
133 -0.07357126866864946
134 0.24344526218951243
135 -0.13484507746126936
136 -0.02927017379592586
137 2.0901285471743876
138 -0.10176210735329073
139 0.07515495612438604
140 -0.07835333089647198
141 -0.5644992439222984
142 -0.41541083396056494
143 0.5501336106467282
144 -0.6092326599585222
145 -0.9891928873888873
146 1.805625688986878
147 -0.36766234213152554
148 -0.4534373870903398
149 -0.20397270083354796
150 0.3319354502235063
151 0.3649492853704851
152 -0.0608130081300813
153 -0.40105576610720084
154 -0.36469631426548227
155 -1.1192012583460158
156 -1.7547615881436276
157 -1.1425610948191594
158 -0.7780833128733939
159 -1.2466701973138872
160 -5.731528290880809
161 0.7711710909198883
162 -0.16927383671272472
163 0.49292473530403097
164 0.18698483457606843
165 -0.07275201226016903
166 -0.48099557428548356
167 -0.14757581833181593
168 -0.06408503598627102
169 0.1193328727774621
170 0.20588712725290112
171 -1.6547103410936654
172 0.439988541965053
173 1.0423328610942455
174 -0.2169447608245645
175 0.6357780869180883
176 0.1582447844651976
177 -0.9693573296227771
178 -2.3179566146838657
179 2.2259572269310697
180 -0.4083570187466785
181 0.21079458696856035
182 0.5140678962829246
183 -2.6481634182908547
184 -0.10828409722425342
185 0.39344262295081966
186 0.9966484343832889
187 -1.1583828373298883
188 0.11358876222756799
189 0.06811482994144832
190 -0.8916076261444973
191 -0.904242020856563
192 -0.07781604265161075
193 0.704500465189936
194 0.19779319235428836
195 0.47779576434515303
196 -0.1366574672478523
197 -0.4742826204656199
198 -0.4992452271718218
199 -0.04861412426273106
200 -0.4770636700213798
201 -0.07306396100862968
202 0.05911306391604838
203 0.45079960019990006
204 0.05293223965314794
205 -2.851578842514195
206 0.5552354753399991
207 -1.1485028193661286
208 -1.136978884677856
209 -0.03801010518054446
210 -0.30743178681388683
211 -1.3885062868471854
212 2.1841591041467034
213 0.23078296917453245
214 -0.6597234198765171
215 0.7048594094627845
216 4.782389522614299
217 -0.6147329121194716
218 -1.1892229023286391
219 1.2696383433793506
220 -0.17548387965944867
221 0.48265483582838026
222 0.4610043928861992
223 -0.14739839467229837
224 0.07074812191984411
225 0.6646915636410223
226 0.19779319235428836
227 0.5138757026370769
228 0.20536046171230699
229 0.30403439855611
230 -0.21514832017099275
231 1.760203586581633
232 1.4042886987900323
233 -0.07407542988788504
234 -0.2048079793703302
235 0.40855854454983676
236 0.44945100244970226
237 -0.4324912809616619
238 0.1538967456203361
239 -0.3686322120584151
240 0.6919041008869962
241 -0.5673872315895662
242 -0.3651810055157548
243 -0.13392658537412958
244 -1.1497879752297056
245 0.22443759884331851
246 0.5415125810730965
247 -1.1178870881666132
248 2.715100025414806
249 0.5497070251094177
250 -1.7487780626511986
251 0.06638385776262959
252 0.049477498021182766
253 1.0561207087304936
254 0.12915069774860868
255 -0.38994481912936846
256 -0.07074812191984411
257 0.5473850386998436
258 -0.25857999536815757
259 0.5187168497089863
260 0.17362141943232304
261 -0.7263215429062232
262 -0.2970183208693337
263 0.7539501583682889
264 -0.85184850810274
265 -0.13691051339158244
266 -0.07158728171746886
267 0.2579432202489848
268 -1.1584558599231285
269 0.16780643508644683
270 0.5419651501990927
271 0.8921299080677034
272 -1.1478886145818734
273 0.23888389013964045
274 -0.16808906021461706
275 -0.10973763249779239
276 -1.399173994756259
277 0.6271720414985169
278 0.7720782935315718
279 1.2956928245669617
280 -0.09027898894523774
281 0.6484820607175713
282 -2.0380952095865146
283 0.10021191223857316
284 1.4769524893275827
285 0.7586868959424788
286 0.1108337493759361
287 0.20730416248922043
288 -0.23358590867616139
289 -0.5354089667286623
290 0.13227124697744244
291 0.5353937214588751
292 0.17613721248533662
293 -0.04476726742441686
294 0.19584210653694425
295 0.556921799980003
296 -1.6650057786090433
297 0.2363711858055761
298 0.5181346796455936
299 -0.1606849792225013
300 0.15244489583269982
301 0.12484088131170797
302 0.20647343114077732
303 0.07313685278169427
304 2.1146907216494846
305 -0.1994171511075649
306 -0.4016522321220078
307 -2.0231958762886597
308 0.19696013151467795
309 1.067111701851178
310 -0.11291930786362858
311 -0.06443484039128218
312 0.5814337613376953
313 -2.782859601510532
314 0.6784704981554096
315 -0.28405627559030877
316 -0.8714018100149268
317 0.16883051599355056
318 -0.08821445222774642
319 -0.02527980949658978
320 0.20730416248922043
321 -0.569684551173961
322 -0.2375802565252312
323 0.5040145187433361
324 0.19844536413863034
325 -0.20411817367949867
326 0.40105576610720084
327 -1.315538447686574
328 -0.9861444277861069
329 -0.22852408829840987
330 -0.12653030570491122
331 0.15817107884208834
332 -0.4946474887146934
333 -0.24488438774342586
334 1.284060456182432
335 0.32616617122884345
336 0.339796739658124
337 -0.5172888544951161
338 -0.6977570350586996
339 0.23666071539778766
340 2.295529716643366
341 -0.0957569018013871
342 -0.4744008851560339
343 -0.7920307010127201
344 0.594006036353984
345 -1.30776967541495
346 -0.12675424159909035
347 0.8393408482640099
348 0.1098833983742477
349 -0.39578067275909
350 -0.38994481912936846
351 0.20730416248922043
352 -0.5217605038789461
353 -0.3408077128616767
354 -0.2513238148480832
355 -0.78229231853279
356 0.18163046866661978
357 0.06890763773916347
358 0.0274497152896548
359 2.030350853305029
360 0.6764515137622107
361 0.6790389934603119
362 -0.25787411235577473
363 0.1950873462256069
364 -0.43963662977468143
365 5.506496090973703
366 -1.0976078818544572
367 0.8257292984957467
368 0.9748354712190315
369 0.8090634621904431
370 1.5175822738047595
371 1.4950158035497203
372 0.18972102291597476
373 -0.31171810778981557
374 -1.0137425770523865
375 3.0616445515898683
376 1.3152167764437093
377 -1.4966169122220077
378 -0.15185548543286526
379 -0.8434298282274046
380 -0.1106941692691846
381 0.38994481912936846
382 -0.14247371952583315
383 -0.20053715308863027
384 0.19584210653694425
385 -0.5312084963900673
386 -0.2513238148480832
387 0.4709040872786497
388 -0.12867649281478033
389 0.5276733857191663
390 0.425888665325285
391 1.0394303025112934
392 3.636412639204821
393 -0.4100051502054537
394 -1.3396711743558116
395 -0.2944830312270597
396 1.0221801925722145
397 -2.71092841797874
398 3.446472149412915
399 1.500277643937315
400 -0.9799246154322825
401 3.696292775665399
402 -0.5168152350081038
403 1.1286888393885859
404 -0.26580372157731924
405 0.8994769631713769
406 0.7086096844183272
407 -1.314355905714102
408 -1.6331044796352157
409 -0.07358012246237924
410 -0.6920619997401785
411 0.22152072631025466
412 -0.20730416248922043
413 -0.1108337493759361
414 0.38994481912936846
415 -0.07151333290209792
416 0.1803763858188745
417 -0.8228909274049003
418 0.4659815263205094
419 -0.7275663609979157
420 -0.14636100585280667
421 -0.31411014670865656
422 -0.3900473332282338
423 0.714483672179983
424 2.8533874341938894
425 -0.7272057333407027
426 0.34485997848130956
427 -0.9065566791993286
428 -2.398697251964067
429 -4.453813891635694
430 0.43841074813393544
431 -11.631429344883594
432 -5.442221632910133
433 -0.18707729559684252
434 -1.0648356077618473
435 0.3353818465447168
436 -1.1939432989690721
437 -2.020429945007034
438 -0.4558851010544675
439 -0.9395220213141195
440 0.6558820396908985
441 -0.6984302938238152
442 -0.804698294275404
443 0.1973071928934859
444 0.20730416248922043
445 0.047042515837718214
446 -0.20053715308863027
447 0.19584210653694425
448 0.15549055370109088
449 -0.8046571485967436
450 0.3231459383781019
451 -0.7273138270351773
452 1.2009959229404625
453 -0.2989701666843614
454 -0.4048668509337272
455 0.23814241843441206
456 1.219347224209171
457 -0.21989287963140877
458 0.570559299458414
459 0.1921359087765418
460 0.7599327927615988
461 -0.2395468407789378
462 1.579924875179944
463 5.069755006805367
464 0.3068307045389939
465 0.2382856948042157
466 0.6373045078196872
467 -0.503842274535178
468 0.12862206389174574
469 4.43440662373505
470 -1.1373590731974896
471 -0.518154220127481
472 0.07079066692510938
473 0.7164934548655479
474 0.8817215010089288
475 0.3813792628789704
476 0.14402011125374412
477 -0.2825929241608631
478 0.12648694294657367
479 0.5276733857191663
480 0.047042515837718214
481 -0.8121410404476564
482 -0.31597049417816825
483 -0.7311129233331527
484 -0.2306237301510869
485 0.40105576610720084
486 -0.4703496613639943
487 -0.28630477154517947
488 0.6556837341986402
489 -1.0208977984095957
490 0.43578349253956
491 -2.366282517060339
492 0.5749365976407611
493 1.2867463314732352
494 1.7055382815626636
495 -1.1943854595589367
496 0.5467360350970533
497 1.2998732537846183
498 0.9632719513099341
499 -0.14595297294278292
500 1.0936816269901612
501 -0.9135067682321288
502 3.4925088795608654
503 -1.0683204074545665
504 -0.30790596551603866
505 -1.334836514010271
506 0.21804623989338376
507 -0.1238165802255701
508 -1.5358007339736082
509 -0.08186370867785378
510 -0.36714270965965795
511 -0.34871470790505754
512 0.14921421250427058
513 -0.9245599690149331
514 0.38948199692039454
515 0.4685161497389524
516 -0.16169687264572657
517 -0.05564998104352829
518 0.6431334942627559
519 1.3535276641522624
520 0.8622852110637442
521 -0.3322268899555947
522 -0.5470782284714542
523 0.5383823010820542
524 -0.32857894521600806
525 1.0777261216573302
526 0.7760258447995335
527 0.707175372337137
528 -1.0057519543796882
529 1.0423663625239536
530 -1.7154436598096408
531 -1.8076771320669636
532 2.73741531264904
533 1.6848635403807695
534 0.8806348146235786
535 -1.3155362796711298
536 0.16560505675451845
537 0.6792719977479987
538 1.0805460039595707
539 0.02527980949658978
540 0.2533072479970188
541 -0.19195769500713958
542 0.5263119859595994
543 0.5004462356500009
544 -0.8699424145648402
545 -1.0483952675808446
546 1.6365734853029394
547 0.4845342353276611
548 1.1724440571410788
549 1.2748353056373056
550 0.9351646786321496
551 -1.2430231190328913
552 -5.532685691155637
553 0.5795621140644815
554 3.1099504171141876
555 0.07070568563499709
556 0.8653979961035346
557 -0.9271491035595094
558 0.6272884097940016
559 5.426576500422654
560 0.44607313990364156
561 7.126496408619314
562 -0.10903729865682026
563 -0.53263358312886
564 0.3153291415817037
565 -7.12451439386393
566 0.6311213810327605
567 -5.103839066806768
568 -0.3129555556288523
569 0.6154470194445154
570 0.1108337493759361
571 -0.08719536897388215
572 0.469869803899573
573 -0.36121939030484757
574 -0.5743390781494686
575 0.45163322426747876
576 -0.504776489211604
577 -1.1121863837844816
578 -0.4222035251277452
579 0.4515209209399479
580 -0.15880710844029045
581 0.4528992785648156
582 0.36519374793380155
583 -0.37239266995915155
584 0.6555560074461476
585 0.3599471910399199
586 0.6207175089622782
587 -1.369111767427305
588 -21.135691873948435
589 1.3583799116893003
590 -1.2898053171446515
591 -0.6382189372551882
592 0.08729419993543527
593 -1.5858073901322511
594 -0.22965518116658612
595 -0.8636675893096571
596 -0.5554898967612015
597 3.254800737052096
598 -0.23573788334755166
599 0.901186949276932
600 -0.6424966550518106
601 0.13916249124507035
602 0.39578067275909
603 -0.3710834250618729
604 0.3292136791904153
605 -0.6229505677343065
606 -0.6913832779340322
607 -0.12063685514198505
608 0.18704868084155307
609 -1.2604036665662521
610 -0.4091000921440996
611 0.417975280328183
612 -0.20921991295603776
613 0.8955421807705554
614 -0.528031518261063
615 0.7099547441659997
616 0.3798425019980673
617 -3.6359190767621867
618 -9.489271195110788
619 11.414209945346364
620 -1.309161510629643
621 0.7671534103358688
622 0.37028437390175367
623 0.695493886522874
624 -0.6044351132434876
625 1.1561294416035057
626 -0.46449003485803997
627 1.18649439388267
628 -0.6411531348004396
629 -0.7660405682815001
630 0.2455786661601663
631 -1.1755794529847123
632 1.5663684874702466
633 0.08429022764996913
634 -0.34590982410323373
635 -0.1108337493759361
636 0.8212913222836745
637 0.531537284873522
638 0.12129184637502567
639 -0.13925927476468578
640 0.14757581833181593
641 -0.47327114052258473
642 0.21759678254809903
643 -0.6276228794267277
644 0.6142670922154574
645 -0.41222363958430314
646 -0.7258972125572744
647 -4.303814174475386
648 0.7168834046247479
649 -0.9381903932110075
650 -0.8101995192430564
651 -14.93298969072165
652 -0.9431435016913113
653 1.0801053307039785
654 0.19815493053268474
655 -0.4225390984360626
656 -0.3614046637330654
657 0.326510549107983
658 1.8070020788647376
659 -5.507545271629779
660 0.5840413164013594
661 0.8010745493952909
662 0.20356271015816407
663 0.8459303007726108
664 0.9175377637857371
665 -0.1953705575746219
666 -0.31411014670865656
667 -0.31461833844653486
668 0.5750452691504
669 -0.11696927568073688
670 0.11608702979342399
671 0.22327304996590058
672 -0.4351536646442292
673 -0.6500783428399007
674 0.6729927387694125
675 -0.6131931133372425
676 -0.5112604153929463
677 0.6509229218552581
678 -0.7783660059480249
679 -0.6343266903090474
680 2.331068598665655
681 0.832263752947241
682 0.7529527958647576
683 0.7969151146339959
684 0.23593708047074122
685 0.27742567590468253
686 1.5724227642276423
687 -0.6896547388538236
688 1.015591203666192
689 1.3893112380239054
690 2.9056768365257377
691 4.454870786086941
692 -1.006071638066558
693 -0.11416259288031153
694 0.2103022965260389
695 -1.1773569246784987
696 -0.6001091282577995
697 -0.05486392457042796
698 -0.040696856688347445
699 0.5097513291848461
700 0.9671675214813472
701 -0.09932795616946344
702 -0.047042515837718214
703 -0.02527980949658978
704 0.3017616191904048
705 -0.6489004932859743
706 0.23305841020255422
707 1.3867738386567865
708 -0.38509937637875447
709 0.6799196610223796
710 -0.31839592010909396
711 0.6194432948679948
712 -0.3533926396410023
713 8.497345731191885
714 -1.0261046437972439
715 0.6456230931706173
716 0.09205335086143891
717 0.45236604554015425
718 1.5938263347679422
719 -0.7833562511111192
720 -0.5790061056665003
721 -0.21731732797123796
722 -1.2107940761125393
723 -0.7493043132578017
724 1.1420056605583806
725 0.2896651312217701
726 -0.1840054943381178
727 0.5966990641143702
728 0.051250989970316005
729 0.20730416248922043
730 -0.39578067275909
731 0.15405025943565226
732 1.1009540252124603
733 0.2094886482577502
734 -0.194698539621404
735 -0.05917226390341517
736 0.017851758320455317
737 1.787161593325127
738 0.29393444129895907
739 -0.6035783446583524
740 -0.2701168013832379
741 0.3860145477550948
742 0.23932799592355558
743 0.7931645019743361
744 0.5318086801637407
745 -2.2210619267283467
746 -1.0525478006527034
747 0.2715730458696748
748 0.09281809610469033
749 -0.7733777945011743
750 -0.37934806786749725
751 -4.307753505486128
752 0.6409434854370781
753 -2.188724172363469
754 1.3176757403065265
755 -0.5633041259046906
756 -0.47542699245322295
757 -0.583414747077208
758 -0.3598838564591989
759 -0.5893043607130478
760 0.08678548938091071
761 0.11333000499251124
762 0.2582799527259039
763 0.6347272304292195
764 1.3774256488229335
765 0.34590982410323373
766 -0.2885090695823384
767 -1.3124662804895364
768 -0.9547324390096044
769 -3.1785040650406504
770 0.32339485250236283
771 -0.5548278020647333
772 1.9948431398949777
773 -0.24969851518884545
774 -0.47734419992747185
775 0.635447869237592
776 -0.6583909451478137
777 1.6163744167663976
778 -0.7510741919552214
779 0.2224895954334309
780 -0.028384387280746253
781 -0.11093249727696627
782 -0.31647142072771245
783 5.098162195425014
784 1.5714904877743558
785 -1.6401106075735463
786 -0.27886772489413153
787 11.996791755784562
788 1.8173854689260671
789 0.6948960106533333
790 -0.15623392912075282
791 0.4785745844178543
792 -0.16191927918802684
793 -0.6776935508248945
794 0.4103082246738658
795 0.6876967279115731
796 0.8019301546249026
797 -0.19534523010009913
798 1.4510456793305126
799 -0.5779962419178514
800 -5.923242602913065
801 0.8303979460847241
802 1.0735898125728633
803 -0.3919972089916605
804 7.828714164811056
805 -0.7464850849994654
806 0.5019594086620219
807 0.47401378571855024
808 -0.31654054734066117
809 -0.3524552616971668
810 2.647463485831516
811 -1.040381858025595
812 0.3713882431086018
813 -1.1077318605979813
814 2.596695263674846
815 0.7605846260472512
816 0.08085914157246472
817 0.21394131828070795
818 -1.166803052505376
819 -0.7527963921733672
820 -0.784054618150728
821 1.9463028822152906
822 -0.8243274128248661
823 -1.0959189881735414
824 0.31180257399232064
825 0.3762813684480972
826 1.1007037338606491
827 -1.757264594488703
828 1.2639799042215174
829 12.595761228854753
830 -4.892161410018553
831 0.5458571391744534
832 -2.4968901101555563
833 1.2417451226432221
834 -0.6540247754295541
835 0.778132717408122
836 1.3444706732387117
837 1.5067164066848178
838 -0.6785326581249308
839 -0.19235095127103474
840 2.567488262910798
841 -0.3318759187365723
842 -0.702847591602597
843 1.3362462874114691
844 -1.293976418255599
845 -0.2724631443021629
846 -0.7546375186690346
847 0.3742564729760402
848 -0.06672108018533561
849 -0.06052721132289133
850 -0.3762879484820607
851 0.43491260349586014
852 0.4766099356025759
853 -0.10944660388351203
854 -1.2386671968529248
855 -1.8724231801024
856 -0.39578067275909
857 -0.06462388091346917
858 -1.0686934991650832
859 -1.0631076331589717
860 -0.3844698583070676
861 1.0666408285425144
862 0.2115315647657792
863 -1.7316790352504638
864 -1.696583518135409
865 1.1671644901361489
866 1.1335202907055477
867 -0.46786972702258645
868 -1.9549188413595193
869 -0.13977725535535712
870 -1.3409890673044071
871 1.5500383579777073
872 1.3007162018973504
873 0.4708713391881196
874 -0.48754302304708536
875 1.0230544811468858
876 -0.644715343854745
877 -3.1137723577235774
878 -0.8286590606915016
879 1.5568130081300813
880 -0.31411014670865656
881 0.33251216335356626
882 0.31374367020897226
883 -0.3990732308031082
884 0.5287028518859246
885 -0.2670774144341691
886 1.5178963490254644
887 2.4476515931716754
888 -0.3776827632461435
889 0.3900473332282338
890 -0.8570031253617317
891 -0.10005289041991117
892 0.86929716899537
893 0.11597404607634415
894 -0.19456550232238992
895 0.22771635680771413
896 1.6364862323574243
897 1.502880641849979
898 1.4361456371625863
899 0.7824786145785874
900 -1.2129619450933977
901 2.8699491935758856
902 -0.14191269664439826
903 0.14741774342226335
904 -0.5649366317705997
905 -4.363532534119948
906 -0.8720460212177769
907 0.39647681990475264
908 0.20074069542359468
909 1.8677147182539486
910 -0.5386625435572588
911 0.3085691109013386
912 0.13484507746126936
913 0.31411014670865656
914 0.3617413056317966
915 0.33526495970330217
916 -0.5656104481738076
917 0.34921803127874884
918 1.7575818137171744
919 0.9657754875022581
920 -0.3549011715357075
921 -0.2857684032071134
922 -1.5876149153707364
923 0.9496578637870202
924 -3.14976979356211
925 1.5394316923110667
926 -0.16752975837031012
927 0.23628064197381637
928 -2.648552448576239
929 4.946773874244293
930 -0.9235659766535431
931 0.9677357468514423
932 -3.062399265431315
933 -0.13242585323545453
934 0.16459478076990852
935 -1.0372842232035326
936 0.5640109429565987
937 -9.09713808793043
938 0.3168658760872281
939 1.2456004729207404
940 -1.8858468070257066
941 0.6545640704733996
942 -1.0395995308386088
943 0.39578067275909
944 -0.2323105298457411
945 -0.13484507746126936
946 -0.12059981652290702
947 -0.3659795588285901
948 0.5828606158833063
949 -0.5226850433894844
950 0.22409243277940233
951 1.426911516973083
952 0.8696971641517732
953 -4.293248694826768
954 2.8026064988392316
955 -2.5322024264518532
956 -0.8387713374059194
957 -0.44222249828186266
958 -1.2302444233507357
959 2.213081622166822
960 -2.3511299629069926
961 1.6803008889384203
962 0.6146217809194546
963 -1.9897848357648165
964 0.8170068400995478
965 -0.10142430476627369
966 0.22529012334616896
967 -0.6620883545897822
968 7.865352112676057
969 -2.241082860801171
970 -7.827218934911243
971 -0.22975766530489222
972 2.5101178469051915
973 1.0336231769718007
974 -0.30751591277620466
975 -0.3776827632461435
976 -0.13445876740162574
977 0.3757107501174359
978 0.04904973593221627
979 -0.48099557428548356
980 -0.542519576864954
981 0.860838732776642
982 0.3789839478887984
983 1.2711785239512023
984 -0.34063173759236387
985 -1.411427356373568
986 -10.516644903602428
987 -1.375982592019625
988 -0.5591538499879433
989 0.3493518959839428
990 3.467514889009204
991 -0.4953641401147833
992 -1.4054302031644976
993 1.7163150398013
994 0.6064395373487869
995 1.0298514236807894
996 0.19786176569533664
997 2.747630513858292
998 -0.39401429845183605
999 -0.592469132108795
1000 0.5143636702327773
1001 -2.5891171818728607
1002 -0.30466957995530297
1003 0.7505829641115034
1004 1.1597447325769854
1005 -0.3776827632461435
1006 -0.684607517259013
1007 0.38547990030428597
1008 -0.05530211274590297
1009 -0.20730416248922043
1010 -0.06661106813243127
1011 -0.39301223190903967
1012 0.34859705611775527
1013 0.6025552960571507
1014 -0.4987580496780129
1015 1.367470399127507
1016 0.6388344345216487
1017 0.12201522660948773
1018 1.3223628370791862
1019 -0.24798256145635128
1020 0.17301653555947985
1021 -0.5124178672485715
1022 -4.539215036297941
1023 -0.5273008205075359
########### code_o ###########
0 186.23552265448626
1 170.51693212748393
2 83.95651916531004
3 85.59689220160259
4 -8.720431100669046
5 123.44781937681276
6 123.73460889083469
7 77.54316016172616
8 99.12787542680063
9 98.37378437290408
10 194.39193746167996
11 129.5741908161887
12 129.6821184014647
13 77.9359071093226
14 164.8461846028145
15 147.12753525655194
16 140.29041618545054
17 100.23910005589715
18 154.74664279319606
19 201.36147060584352
20 375.830880181288
21 140.7017299606818
22 146.11512596893834
23 126.77573858549687
24 177.1283800964148
25 122.69922982024492
26 57.41126593259584
27 16.241651534378917
28 178.47692203573362
29 151.22426141450313
30 134.21882693436316
31 265.0006427318974
32 95.60806253832006
33 197.85922537760374
34 88.27498930807468
35 85.1363447784301
36 107.46243818353294
37 108.4258091838113
38 129.9274815940346
39 165.2551277903591
40 158.87212457319936
41 157.22426141450313
42 137.14161012508058
43 95.18910953484294
44 160.7070207020702
45 84.37576184452622
46 171.2551277903591
47 177.3244067216016
48 183.0640928906774
49 116.51352799100034
50 155.22426141450313
51 43.30445054372373
52 70.05811286299661
53 91.75234440434312
54 164.61766901724826
55 187.64528517327346
56 169.51693212748393
57 52.289408039911734
58 101.06314808041991
59 -75.78658475646805
60 106.57156748541047
61 85.06798627749944
62 182.8562496188086
63 40.98580627130796
64 119.52254445385267
65 296.75670690811535
66 151.32986685194857
67 85.22604129501208
68 76.21125237490895
69 168.39550622631293
70 128.48067658652306
71 151.64528517327346
72 156.87212457319936
73 96.16762517365406
74 52.76510087978363
75 98.12787542680063
76 204.39657909812587
77 220.70256321221473
78 247.92271906470657
79 38.35532146917562
80 188.01791269686953
81 113.77221080787443
82 132.15969620217837
83 53.48828281814532
84 77.16448919038733
85 65.05933471634472
86 172.89108421832552
87 182.22426141450313
88 160.69855203091225
89 159.756363435521
90 247.95187556862666
91 54.27425254651675
92 188.1885017866258
93 1.2445557180620739
94 38.8443900707151
95 185.44545873674505
96 144.25097359987384
97 72.70837065860954
98 198.7971744552376
99 84.01263145211843
100 74.07760460863753
101 55.67559327839839
102 175.60808394630698
103 149.45348084930657
104 79.46114140871035
105 135.60609377938744
106 156.93212284810335
107 205.4648714332597
108 117.48195044998073
109 39.995977893767275
110 193.2494462668979
111 111.17621241585076
112 233.67889314915584
113 -48.57979999535951
114 145.9796231270271
115 49.01207809217664
116 171.6139502924205
117 170.59410278288266
118 64.50266847880134
119 77.35089146118305
120 91.37098275056381
121 158.53910336931585
122 228.26093001367224
123 99.07148620066933
124 -684.397585461572
125 -2.9755434782608674
126 40.42479667873537
127 51.72348620481701
128 11.24527362322354
129 49.271412077428096
130 131.95860870119006
131 82.78237413341185
132 60.77494996272688
133 110.27292206338547
134 60.76944859705612
135 137.53780922038982
136 125.04181134244848
137 -201.43170021828763
138 125.21901091303718
139 116.40952302081467
140 146.61914012739445
141 259.97041118994997
142 229.69564860130092
143 109.43975673647769
144 282.2652738305553
145 252.02543825186882
146 -168.68023896731978
147 179.76806497126535
148 178.71701902170634
149 164.5187917323601
150 96.50634514098428
151 93.11181096029165
152 152.15313008130082
153 199.47692203573362
154 199.35813392600488
155 228.3625838617785
156 298.0807966995559
157 291.54678396871947
158 169.03283411081105
159 200.03342029296653
160 977.0151905502626
161 12.201529930518447
162 190.7796499486928
163 77.11826626801924
164 62.657000076836724
165 108.36195566968927
166 160.6081916092144
167 136.1110594352615
168 130.96030671521882
169 98.10203666418872
170 96.0551216520139
171 355.1951136978885
172 48.301632769979946
173 37.38170410848005
174 191.5319279884167
175 94.04968840767289
176 176.0829706991587
177 357.704643801893
178 547.2940389105697
179 -227.9406921475187
180 178.26048049831428
181 109.37677401975968
182 73.2279300990861
183 516.0041697901049
184 155.71640823802977
185 105.172131147541
186 4.2946734074887445
187 210.9859229358813
188 29.178882301126556
189 41.9893968356225
190 179.05918130078246
191 196.88550092519438
192 103.34423543908481
193 20.227006502761455
194 124.52191897639719
195 80.10635410548161
196 102.74199692126788
197 166.8442068218733
198 161.06209856445167
199 120.86976797888076
200 171.00323825415862
201 117.70235086553977
202 108.46247659379507
203 60.185063718140924
204 133.5056204199581
205 593.3798187070425
206 83.21377644481672
207 367.8795207077581
208 359.2429615592853
209 209.43626606706394
210 252.79413950525534
211 285.1148327855168
212 -228.42652612592298
213 105.55744957886233
214 186.64895992963542
215 -17.818565767294018
216 -589.1867896880763
217 229.69636703044227
218 212.55502380293404
219 -141.2864816255104
220 67.20292419040061
221 27.57712278272167
222 48.53219085195623
223 174.37255691103923
224 80.51352799100034
225 54.90620395874704
226 124.52191897639719
227 74.6733864152744
228 59.5396611797253
229 52.71175284000425
230 144.51847973470274
231 -138.5207335467993
232 -94.1883165699906
233 121.40873759633735
234 140.39819009511368
235 93.41127662882911
236 89.7196517225085
237 207.71499949678145
238 158.33269775400677
239 239.72148842791256
240 84.91699409453452
241 309.8624585675169
242 259.7514106384328
243 225.54242912456158
244 329.1098443752095
245 121.55420375370551
246 70.95565943868588
247 277.2563313019405
248 -332.83054224303817
249 103.35053528055253
250 414.7397888344586
251 44.863695866293945
252 43.371351555727266
253 -11.769669277601764
254 133.24437827410065
255 220.39193746167996
256 110.48647200899966
257 43.139775966506335
258 182.14893590811212
259 78.87596747045329
260 64.95252454704453
261 214.82540798001094
262 154.59181006316706
263 36.26991699803666
264 243.0133785491807
265 127.93643538347325
266 130.6328941603555
267 96.8442760970408
268 328.9286041120127
269 140.30488589363887
270 70.10790549396496
271 47.21960649540338
272 354.5623605256633
273 145.88750810106833
274 213.05788009261218
275 215.18099123336563
276 400.73716327525005
277 75.50905565209516
278 42.37513619313604
279 0.9975391779085783
280 220.48230511023309
281 97.20088546458142
282 481.40326801200763
283 40.361940202778975
284 -176.1045414289609
285 -7.214060219408736
286 138.14690464303544
287 124.12787542680063
288 121.68707105169199
289 208.5738102338098
290 145.71854747778025
291 79.76579334005362
292 63.598436150691754
293 105.15969620217835
294 67.62116096710956
295 68.51089757151271
296 380.1368803396689
297 88.42093363580203
298 48.9131365388328
299 152.29768988613085
300 129.3687950163493
301 141.8642365311176
302 146.9280086343245
303 160.12972195596325
304 -89.88434278350513
305 193.13043808655345
306 245.92549387937254
307 473.34375
308 163.72309163154483
309 -16.182414922292082
310 214.63377676888814
311 213.36947576636396
312 109.68612714549438
313 598.5588457546435
314 -49.76948885124945
315 91.86279361512175
316 189.13524668160107
317 135.81502072947129
318 172.22778919212558
319 160.4258091838113
320 66.12787542680063
321 216.88426666379348
322 184.55201768476863
323 85.79324709129162
324 61.196944367779196
325 125.22426141450313
326 41.523077964266385
327 305.6143012505255
328 310.1823931784108
329 142.45746235381893
330 140.76419835914496
331 113.2092847115486
332 217.21944484052568
333 164.0334913193379
334 -33.37774172343376
335 110.94602542032416
336 107.1422878286532
337 190.4038374278111
338 198.6243676248058
339 149.9705763237342
340 -290.29668905786474
341 206.0742478271104
342 268.7280282646415
343 320.34346288258837
344 42.60186582780004
345 314.5956515262223
346 69.27963134743709
347 -26.07651105894014
348 135.20105753222603
349 217.96728563095468
350 218.39193746167996
351 125.12787542680063
352 176.503095475843
353 160.0500976104525
354 187.21039862059433
355 209.72732676170156
356 61.371413914203764
357 91.30949904826309
358 95.09123773311609
359 -162.39839821776297
360 79.0734844917414
361 43.83123084642722
362 151.0724123044521
363 113.62562347834037
364 195.8867596694806
365 -599.1831698649609
366 244.5117703319758
367 45.904586450507026
368 -14.184603312604025
369 -28.850266607838137
370 -58.63806260197643
371 -42.37928519328955
372 171.69628030554634
373 213.76154984347897
374 320.54822381718964
375 -245.4966615053932
376 -97.6046801779458
377 344.3280777520427
378 69.35208342485076
379 231.61392823645645
380 171.20784327095146
381 96.60806253832006
382 183.44131626034445
383 180.74664279319606
384 71.62116096710956
385 210.78483926506505
386 186.21039862059433
387 92.06024946105215
388 98.81020493141244
389 32.63272975743082
390 39.215878604963116
391 -23.96612871716374
392 -356.4532606000496
393 161.86124388329927
394 190.56461438950646
395 151.70821333785082
396 -30.7047369325997
397 490.98405981753416
398 -490.9207743441
399 -158.89448017924778
400 184.31643062962817
401 -567.9505703422053
402 254.51458670988654
403 18.53411168292496
404 204.35615238236903
405 10.047193140031183
406 76.5085527187959
407 330.9247421535464
408 250.88313782984872
409 63.046841042173234
410 158.11617674776954
411 119.00893813190945
412 194.87212457319936
413 180.85309535696456
414 95.60806253832006
415 165.11473628714324
416 77.03961489082249
417 230.6596735140645
418 95.98150300421487
419 208.73474202115864
420 99.94166966247752
421 143.53885859128965
422 146.08093943576947
423 10.99571774343697
424 -293.26028184555963
425 223.55845723023637
426 92.18989417629771
427 176.0366125710098
428 418.5673417973282
429 1000.7724281378935
430 31.409074645899633
431 1716.3514482945316
432 949.1393575761593
433 192.8839259531686
434 343.3051189036679
435 155.4052688370489
436 371.671875
437 384.5342851495739
438 166.9405345688694
439 245.04498605317602
440 -22.49495284191093
441 153.60806612746507
442 173.30404322976926
443 124.06089815036697
444 133.12787542680064
445 155.85838987491942
446 185.74664279319606
447 121.62116096710956
448 72.50052651502116
449 226.94327631624714
450 107.49017825141914
451 209.70047685803402
452 -53.21541813202205
453 146.5185263828432
454 168.5295972019858
455 90.81047949768055
456 -12.428827494508994
457 141.8527061659509
458 40.58394466183087
459 36.47809762593246
460 -32.70215670525596
461 95.97150270160542
462 -148.7870637816054
463 -608.7666488430878
464 129.91824520008376
465 141.891457326905
466 57.26365570377186
467 274.3792718899271
468 188.92704306144788
469 -669.9534038638454
470 235.0294251725947
471 128.88718507845198
472 45.9484368937303
473 14.218184754521964
474 36.480886644900366
475 85.66082797068033
476 137.07525941377835
477 191.36193277604028
478 137.6397044732541
479 87.63272975743082
480 94.85838987491941
481 227.15556173909096
482 190.32257210152605
483 210.91839765352833
484 124.15020986108684
485 45.523077964266385
486 147.90142148369821
487 166.4922935937887
488 43.77774494156549
489 200.12279561433166
490 1.4616870238795343
491 405.47607240267786
492 -5.533774268990676
493 -127.25690490953158
494 -106.35370424529756
495 244.44525484548012
496 68.25627652012368
497 -78.98323376582354
498 34.647533639049584
499 206.59371765662044
500 40.48846400838477
501 268.8163144500611
502 -290.0961575718437
503 289.76482115985647
504 98.95164688237551
505 314.73377371846277
506 117.03200877212856
507 173.89108421832552
508 400.6011556180214
509 161.32406341959987
510 218.65385594824323
511 176.45303618891842
512 79.43542876665528
513 239.11578517020268
514 97.30833797323423
515 97.43161425720237
516 104.79659860418847
517 106.405847382638
518 28.816455205681024
519 -41.44653062394542
520 0.08803946722896683
521 107.81130440675966
522 162.26765292494116
523 -10.352020267636732
524 100.54389937260711
525 -13.320990903133591
526 26.99898896799496
527 26.159219357889626
528 250.4071163140053
529 -1.1834689821401838
530 323.82658888547746
531 451.7597514232569
532 -238.39957403160793
533 -202.96883027596726
534 -0.2614306339727648
535 345.3632311260212
536 33.885254786378916
537 2.9332081117980806
538 -14.104095029696765
539 149.5741908161887
540 127.26066703931433
541 184.74803964277936
542 46.22687291372725
543 64.29269066005298
544 223.02884301053638
545 248.0753400666383
546 -18.32657468506298
547 100.32852499933784
548 -42.85964955961535
549 -90.62694684049126
550 -51.10761299013919
551 243.55416100180608
552 640.7343655130541
553 33.18493969874467
554 -197.08075242397047
555 42.55311710809417
556 -57.9573519691066
557 231.66823260055088
558 55.65571258978011
559 -614.9557396449704
560 95.13084127481869
561 -546.5031923383879
562 145.24078664312088
563 243.16821870357842
564 103.01169510605874
565 1226.785386990736
566 18.632558955048175
567 570.0105867482907
568 114.73878265311075
569 48.94498971561438
570 133.14690464303544
571 163.0807098336091
572 80.05735779739328
573 198.5693403298351
574 219.6707688870643
575 120.69523560387364
576 176.718689562614
577 251.37767757240607
578 198.1795226984917
579 103.55171588217362
580 111.42684667249061
581 43.652280905549645
582 45.67596207858746
583 148.56730780434546
584 17.24146014521103
585 24.193337865508852
586 23.752998159262972
587 243.60026150015406
588 3491.5072529671233
589 -1.6901643547919747
590 322.04806363826674
591 276.22582579276224
592 161.23405318519315
593 389.3559813197407
594 166.82750121362946
595 282.4644742954016
596 226.23601698435243
597 -195.1012989781778
598 83.18811409585129
599 1.9134683998482842
600 179.18985323816747
601 128.3534024592919
602 92.03271436904531
603 203.2624394416361
604 76.08486245201814
605 225.76944103126363
606 300.9267450779852
607 209.19751702537164
608 51.481569251299106
609 266.46542152601455
610 194.19670055138636
611 106.93750983505157
612 124.92066359933258
613 -50.773243807560675
614 153.94618633532306
615 45.730331414321775
616 13.968353754915988
617 426.1258110367277
618 1426.3629755270172
619 -1526.0266537436396
620 311.2638808232889
621 -53.41156055341661
622 53.78030034868182
623 33.180553647479044
624 252.51054811770126
625 -77.74832625701262
626 201.1395519012267
627 11.067935483815774
628 233.54765861634547
629 165.76940241818068
630 30.932066551734263
631 297.8322263701724
632 -169.76825325618546
633 139.99651889598985
634 201.11309624395113
635 165.85309535696456
636 20.569963040390945
637 116.9302238915905
638 184.39844783323065
639 225.1455808371535
640 57.88894056473852
641 160.0495916695815
642 139.40494278049533
643 238.53447911099235
644 33.17853909858834
645 145.48642380402518
646 144.45968028754905
647 601.5759535436189
648 13.366731024878149
649 196.17171012592007
650 204.7701857740368
651 1970.5451030927836
652 241.60628584005627
653 -85.70495077785083
654 96.8564926210646
655 216.79648114075437
656 208.39212085513321
657 105.49769394540468
658 -141.17667253648335
659 936.0279175050301
660 51.5971930334466
661 5.623029127102484
662 38.399726627768956
663 18.43967333436973
664 8.94602703065651
665 191.33572826928483
666 194.53885859128965
667 191.4030435400963
668 108.78698030464012
669 212.2025414461341
670 189.2205458432009
671 173.19774368750154
672 133.6143200130471
673 175.0523206566984
674 31.250151999444114
675 209.27694167820522
676 177.9262406763673
677 9.998632768876675
678 208.2857932516388
679 180.46826050779958
680 -128.2332688048393
681 21.289992947411577
682 14.80994018975079
683 10.262697269448793
684 28.56669922645278
685 37.267632360667974
686 -104.57886178861787
687 236.91965700203687
688 -22.019366436545482
689 -41.738682395531015
690 -284.9322978657342
691 -273.91939716679195
692 188.88959976803113
693 73.35655906242755
694 40.465219288172804
695 291.13482972973327
696 244.011033187829
697 158.19146036283314
698 151.11483374422338
699 79.395250697375
700 37.58820850471744
701 221.17513219998727
702 215.14161012508058
703 215.4258091838113
704 7.859866941529241
705 177.0410349715006
706 138.48239057516832
707 -12.726521798122377
708 139.50741279378076
709 36.967910465693734
710 114.63556354768686
711 56.10664821044824
712 141.97717715529356
713 -1043.9495857988165
714 214.08134739094328
715 -48.68270359070641
716 44.971054569593164
717 15.922847568266612
718 -220.98012024543442
719 243.5203629595498
720 244.7055263328293
721 140.91679721527575
722 254.73820472897128
723 183.46043281653746
724 -116.02873752758325
725 38.158438323809094
726 88.82644177912428
727 22.57791992344903
728 146.73097235489
729 122.12787542680063
730 207.96728563095468
731 121.178208172332
732 35.160256887288114
733 179.82057967153216
734 238.78930218603256
735 216.27162386115629
736 46.24190333948965
737 -130.33274973967144
738 126.91891710823776
739 208.55162656509464
740 122.09182276961954
741 15.215958985536759
742 37.772158327771606
743 6.967973779645547
744 58.318839966913586
745 466.6447119960119
746 271.27488667036596
747 37.827170886307215
748 46.026285346012195
749 96.57373071583345
750 115.85570428048815
751 734.9897901680645
752 51.181282700977334
753 468.97319302557804
754 -40.111243963415575
755 174.60175398777056
756 130.80144120200924
757 177.27142493344138
758 132.31124789172733
759 192.43170558476203
760 137.93597390646508
761 131.69976285571641
762 97.32518364737075
763 7.006463010352448
764 -62.55010031375977
765 162.88690375604887
766 253.1570524904696
767 268.6308947028424
768 171.17720340524298
769 530.9747967479675
770 123.55181277185999
771 206.328098382694
772 -152.99713881782685
773 98.67599676477366
774 114.29059165097647
775 -11.896981646284118
776 175.6407767944503
777 -81.66971863086712
778 210.143525524063
779 32.179479011420796
780 54.36167743774674
781 66.88196068566592
782 122.99650228362448
783 -513.9444398423724
784 -84.14671383355054
785 383.5185190874875
786 181.85370932765707
787 -1663.7954015166247
788 -33.94186063202923
789 7.986373187017506
790 105.44369624939108
791 46.88193007152083
792 138.63652518260278
793 217.44798572275639
794 74.96044556483967
795 30.778596460727613
796 39.85748496182646
797 237.7344794365026
798 -33.149030381340395
799 168.77495676601797
800 959.5039980615459
801 -18.675558408215664
802 -4.684297372432951
803 225.3169384252424
804 -1162.8657551580486
805 166.141067705549
806 -16.152758079351983
807 14.480147063071875
808 128.30329151444533
809 178.87375342370038
810 -155.96391621048764
811 214.043316903585
812 11.326843241448024
813 223.863854503904
814 -333.0178014202891
815 19.059379905008456
816 122.71113781602759
817 115.26912447815604
818 342.231887643443
819 299.86064660786656
820 316.66128951140394
821 -35.104553045595424
822 181.84543963040355
823 292.9707953874563
824 102.73362071802296
825 88.95995750663238
826 -105.37208473886241
827 356.4787163706412
828 36.14857568423014
829 -1752.4705910946916
830 1106.758000927644
831 -0.8866667842542881
832 440.6703298775074
833 -53.84929418093702
834 211.32207873639396
835 60.147426269768744
836 -87.82503229110992
837 -21.747469125588538
838 163.52015818157219
839 77.54488840070545
840 -280.4580399061033
841 158.21232944480042
842 175.91429228603403
843 -45.07043922778159
844 184.8810381270115
845 100.01511890670398
846 204.01056561555788
847 71.61370359462842
848 141.66322900750197
849 152.03985391317232
850 225.37470963661454
851 95.92338431462741
852 108.42301920423182
853 226.80006456577883
854 292.1898752538439
855 408.2048932870132
856 205.96728563095468
857 145.71583487430442
858 300.8907698508666
859 273.1117317570289
860 231.88234819121448
861 35.772581443920515
862 65.470275627779
863 462.3892625231911
864 312.31307673131016
865 -37.05708182828562
866 -12.050409368934226
867 223.33544339034384
868 367.95747466594923
869 66.37538633097182
870 237.10513751281175
871 -24.89799786398713
872 -92.70807242108845
873 32.20350309543552
874 189.48615067627156
875 -60.43836269736073
876 142.30180369615442
877 514.7863821138212
878 231.82187200449414
879 -96.35934959349592
880 183.53885859128965
881 90.14915300972706
882 94.80066507381784
883 242.1254632948416
884 94.9082566697332
885 253.45062982648489
886 -104.27077399133788
887 -184.75703897887212
888 196.0640928906774
889 91.91906056423053
890 309.68868503298995
891 219.13832194758587
892 85.11898836841648
893 89.7706900259825
894 134.56693104203558
895 74.89016498120101
896 -123.00765522002496
897 -87.15493598503693
898 -60.86194601381041
899 59.48797655061935
900 307.69699720400786
901 -549.0188563439833
902 77.43068364860966
903 30.632467793093053
904 123.82656054264373
905 788.9591957470235
906 190.97725984100393
907 30.639464476625523
908 39.90788490351247
909 -267.3347321600284
910 182.16612824798602
911 98.0621523237117
912 119.4621907796102
913 91.46114140871035
914 74.04130042038703
915 99.97691409314601
916 288.50473018498286
917 140.4671228150874
918 -52.03402917694012
919 -10.138765342891645
920 178.25746668643941
921 155.42498252790847
922 372.8831192542315
923 58.686126109269765
924 757.6728159153932
925 -223.60094535165547
926 105.90791969108635
927 45.46626699488614
928 428.3111434924237
929 -315.5465180379795
930 221.18633865173965
931 19.268081636798627
932 350.70085862483273
933 68.68349256520534
934 43.69731709466062
935 167.215300080289
936 25.05559171276711
937 1379.494063484371
938 32.94726431987063
939 -154.57596289391117
940 442.35821725601954
941 20.942750965660352
942 283.30632579615207
943 78.03271436904531
944 174.62621562709592
945 159.53780922038982
946 152.756363435521
947 222.4644344265116
948 75.04219003241492
949 288.2752935171005
950 171.85944297838955
951 14.16529440815387
952 -26.415981794477304
953 741.3098896535358
954 -253.03937249761918
955 489.4691107583152
956 192.031276430233
957 126.49016103404817
958 286.4263467014713
959 -263.9813348050317
960 479.16132023629615
961 -103.65997377833966
962 72.53376402419929
963 373.81294214342324
964 -65.26866025012379
965 64.27394537667611
966 35.3128556250567
967 152.37488468803537
968 -942.5216901408451
969 293.8994878361076
970 1155.3360946745563
971 82.74234616153244
972 -294.7097356407262
973 -27.373141751008717
974 182.3966183837944
975 191.0640928906774
976 160.72968611539835
977 87.11095063485499
978 136.497245336069
979 202.6081916092144
980 250.95598639923065
981 51.85236131804166
982 131.1402124287542
983 22.860739380895097
984 147.9000481443493
985 304.587049106212
986 1668.8715876795454
987 275.6015907465752
988 136.32159412226687
989 53.1132861531244
990 -386.67162966973467
991 158.85302419354838
992 245.84020222825578
993 -98.44186073038202
994 73.62333609104284
995 -36.375596915007065
996 38.120009852137834
997 -513.227470669604
998 138.89643322222193
999 171.6872428450028
1000 2.7945547718797172
1001 580.7572751371862
1002 107.35876362857942
1003 1.185585328298714
1004 -48.669823743922194
1005 179.0640928906774
1006 236.86320634108924
1007 76.43017477331458
1008 143.54358441250585
1009 175.87212457319936
1010 150.86985446652508
1011 205.93245930984187
1012 94.65811005059798
1013 78.31072262673443
1014 289.6805255289788
1015 0.004353692963775302
1016 -12.881343933783498
1017 99.47453796454475
1018 -87.14295392696062
1019 128.6062886417388
1020 60.70437148820035
1021 152.28267554797264
1022 756.1242914442934
1023 134.20737954097322
########### code_n ###########
0 97
1 574
2 37
3 652
4 854
5 605
6 652
7 823
8 524
9 885
10 370
11 435
12 871
13 885
14 462
15 574
16 147
17 67
18 944
19 792
20 951
21 88
22 158
23 944
24 761
25 609
26 306
27 524
28 915
29 944
30 147
31 832
32 370
33 800
34 524
35 683
36 930
37 435
38 311
39 949
40 524
41 944
42 147
43 136
44 698
45 825
46 949
47 949
48 885
49 24
50 944
51 826
52 3
53 128
54 713
55 949
56 574
57 87
58 833
59 87
60 574
61 950
62 60
63 659
64 36
65 885
66 119
67 652
68 528
69 915
70 280
71 949
72 524
73 949
74 0
75 524
76 84
77 741
78 710
79 585
80 85
81 574
82 698
83 130
84 678
85 793
86 113
87 944
88 865
89 696
90 306
91 276
92 856
93 60
94 178
95 53
96 88
97 728
98 310
99 652
100 528
101 949
102 6
103 794
104 948
105 690
106 332
107 605
108 864
109 99
110 894
111 858
112 306
113 585
114 603
115 886
116 157
117 310
118 86
119 524
120 823
121 574
122 179
123 147
124 792
125 573
126 960
127 89
128 665
129 177
130 219
131 652
132 499
133 87
134 825
135 573
136 178
137 338
138 90
139 865
140 709
141 920
142 572
143 830
144 948
145 184
146 24
147 794
148 157
149 651
150 147
151 147
152 124
153 915
154 524
155 154
156 179
157 711
158 84
159 59
160 85
161 3
162 678
163 652
164 499
165 728
166 6
167 572
168 541
169 174
170 954
171 915
172 422
173 222
174 208
175 198
176 763
177 493
178 555
179 555
180 648
181 679
182 578
183 573
184 957
185 377
186 179
187 147
188 833
189 364
190 697
191 184
192 56
193 3
194 648
195 652
196 930
197 915
198 37
199 797
200 892
201 610
202 771
203 573
204 775
205 369
206 109
207 85
208 915
209 731
210 464
211 214
212 525
213 679
214 682
215 155
216 524
217 861
218 178
219 85
220 959
221 182
222 240
223 926
224 24
225 682
226 648
227 683
228 220
229 464
230 888
231 616
232 647
233 146
234 960
235 928
236 774
237 774
238 77
239 698
240 431
241 201
242 52
243 147
244 834
245 578
246 578
247 795
248 587
249 272
250 741
251 150
252 89
253 178
254 773
255 370
256 24
257 3
258 682
259 652
260 468
261 278
262 950
263 953
264 126
265 206
266 540
267 174
268 55
269 863
270 235
271 116
272 554
273 679
274 925
275 576
276 585
277 110
278 362
279 307
280 332
281 825
282 741
283 548
284 24
285 712
286 919
287 524
288 408
289 648
290 423
291 652
292 530
293 698
294 950
295 242
296 604
297 923
298 198
299 365
300 472
301 120
302 881
303 454
304 28
305 849
306 761
307 646
308 601
309 300
310 206
311 833
312 93
313 616
314 585
315 216
316 336
317 147
318 574
319 435
320 524
321 648
322 682
323 652
324 499
325 944
326 915
327 313
328 573
329 394
330 365
331 479
332 260
333 335
334 738
335 745
336 368
337 212
338 396
339 670
340 681
341 775
342 917
343 525
344 332
345 834
346 238
347 865
348 26
349 85
350 370
351 524
352 948
353 652
354 651
355 682
356 499
357 696
358 837
359 76
360 375
361 256
362 744
363 927
364 198
365 12
366 699
367 579
368 217
369 174
370 216
371 308
372 112
373 396
374 26
375 19
376 25
377 331
378 146
379 865
380 896
381 370
382 618
383 944
384 950
385 648
386 651
387 652
388 930
389 38
390 885
391 58
392 554
393 627
394 92
395 958
396 287
397 247
398 1
399 730
400 696
401 618
402 799
403 948
404 121
405 804
406 758
407 58
408 29
409 834
410 337
411 834
412 524
413 919
414 370
415 168
416 604
417 157
418 33
419 682
420 899
421 948
422 6
423 852
424 591
425 114
426 959
427 696
428 86
429 681
430 335
431 915
432 86
433 181
434 31
435 696
436 646
437 20
438 304
439 741
440 80
441 675
442 640
443 454
444 524
445 147
446 944
447 950
448 794
449 157
450 648
451 682
452 81
453 464
454 2
455 378
456 193
457 744
458 275
459 570
460 163
461 480
462 198
463 85
464 807
465 896
466 825
467 949
468 311
469 825
470 621
471 829
472 827
473 305
474 665
475 794
476 124
477 20
478 652
479 38
480 147
481 157
482 682
483 682
484 577
485 915
486 97
487 448
488 581
489 696
490 237
491 554
492 155
493 525
494 216
495 641
496 142
497 526
498 147
499 865
500 147
501 484
502 279
503 710
504 20
505 617
506 423
507 113
508 278
509 896
510 794
511 954
512 769
513 250
514 648
515 652
516 899
517 837
518 316
519 179
520 387
521 571
522 771
523 224
524 327
525 459
526 204
527 209
528 452
529 926
530 99
531 525
532 19
533 24
534 519
535 679
536 835
537 423
538 308
539 435
540 67
541 950
542 794
543 525
544 917
545 219
546 68
547 652
548 81
549 62
550 25
551 180
552 222
553 876
554 283
555 212
556 58
557 713
558 174
559 914
560 177
561 284
562 510
563 424
564 612
565 369
566 488
567 128
568 858
569 368
570 919
571 146
572 524
573 573
574 178
575 521
576 794
577 250
578 682
579 652
580 930
581 546
582 828
583 890
584 184
585 926
586 177
587 179
588 401
589 181
590 949
591 888
592 932
593 854
594 280
595 158
596 51
597 128
598 612
599 933
600 423
601 827
602 85
603 524
604 920
605 178
606 23
607 306
608 572
609 250
610 682
611 652
612 242
613 617
614 175
615 548
616 953
617 4
618 916
619 916
620 58
621 75
622 648
623 824
624 604
625 857
626 605
627 311
628 603
629 551
630 868
631 709
632 617
633 88
634 948
635 919
636 616
637 179
638 388
639 698
640 572
641 423
642 578
643 3
644 496
645 930
646 911
647 131
648 551
649 93
650 509
651 28
652 795
653 75
654 578
655 825
656 855
657 429
658 792
659 885
660 368
661 458
662 899
663 806
664 613
665 857
666 948
667 823
668 520
669 178
670 605
671 1
672 792
673 652
674 826
675 682
676 546
677 623
678 108
679 542
680 866
681 417
682 57
683 181
684 251
685 273
686 708
687 917
688 62
689 821
690 604
691 66
692 640
693 423
694 683
695 709
696 918
697 683
698 306
699 18
700 249
701 801
702 147
703 435
704 573
705 683
706 683
707 634
708 600
709 579
710 740
711 611
712 893
713 914
714 503
715 462
716 745
717 851
718 920
719 886
720 390
721 488
722 496
723 305
724 87
725 786
726 580
727 242
728 930
729 524
730 85
731 578
732 156
733 949
734 698
735 930
736 89
737 634
738 652
739 682
740 930
741 286
742 580
743 146
744 720
745 62
746 204
747 788
748 610
749 213
750 147
751 86
752 800
753 948
754 433
755 273
756 574
757 710
758 699
759 242
760 454
761 919
762 857
763 920
764 648
765 948
766 604
767 305
768 665
769 708
770 578
771 548
772 258
773 859
774 728
775 25
776 912
777 319
778 173
779 807
780 859
781 609
782 679
783 80
784 852
785 948
786 744
787 85
788 397
789 651
790 798
791 242
792 837
793 20
794 652
795 739
796 741
797 87
798 185
799 88
800 916
801 124
802 33
803 576
804 1
805 94
806 25
807 865
808 925
809 709
810 866
811 644
812 112
813 494
814 462
815 790
816 743
817 19
818 949
819 886
820 917
821 60
822 760
823 709
824 800
825 665
826 920
827 760
828 852
829 85
830 680
831 793
832 51
833 530
834 682
835 738
836 3
837 92
838 869
839 570
840 885
841 89
842 868
843 704
844 4
845 932
846 576
847 674
848 713
849 392
850 825
851 825
852 825
853 714
854 763
855 647
856 85
857 178
858 31
859 696
860 305
861 397
862 25
863 680
864 156
865 528
866 126
867 3
868 33
869 893
870 769
871 92
872 162
873 89
874 859
875 668
876 697
877 708
878 545
879 708
880 948
881 886
882 919
883 888
884 825
885 887
886 921
887 821
888 885
889 6
890 710
891 456
892 609
893 581
894 57
895 696
896 3
897 373
898 33
899 738
900 679
901 681
902 363
903 317
904 881
905 1
906 912
907 243
908 121
909 857
910 348
911 665
912 573
913 948
914 826
915 919
916 888
917 825
918 644
919 541
920 865
921 934
922 116
923 94
924 857
925 649
926 121
927 772
928 739
929 128
930 682
931 126
932 345
933 540
934 579
935 130
936 61
937 916
938 211
939 401
940 920
941 180
942 56
943 85
944 885
945 573
946 696
947 794
948 887
949 856
950 919
951 489
952 768
953 432
954 145
955 19
956 147
957 960
958 432
959 949
960 824
961 157
962 652
963 279
964 678
965 612
966 455
967 146
968 17
969 407
970 914
971 498
972 464
973 882
974 950
975 885
976 729
977 524
978 849
979 6
980 824
981 855
982 920
983 551
984 698
985 792
986 948
987 147
988 696
989 744
990 915
991 557
992 821
993 574
994 652
995 679
996 579
997 650
998 332
999 709
1000 363
1001 300
1002 764
1003 696
1004 799
1005 885
1006 23
1007 493
1008 610
1009 524
1010 682
1011 86
1012 825
1013 824
1014 825
1015 613
1016 950
1017 119
1018 949
1019 745
1020 510
1021 178
1022 86
1023 147
########### code_t ###########
0 7
1 4
2 0
3 6
4 0
5 4
6 1
7 0
8 1
9 0
10 0
11 4
12 3
13 1
14 5
15 4
16 2
17 4
18 0
19 0
20 6
21 6
22 4
23 3
24 3
25 1
26 1
27 7
28 1
29 3
30 1
31 3
32 1
33 7
34 3
35 6
36 1
37 0
38 1
39 1
40 2
41 3
42 6
43 5
44 3
45 4
46 3
47 3
48 2
49 5
50 3
51 6
52 1
53 2
54 7
55 0
56 7
57 0
58 2
59 6
60 1
61 2
62 6
63 0
64 2
65 7
66 1
67 1
68 0
69 5
70 1
71 1
72 5
73 0
74 6
75 0
76 7
77 4
78 5
79 7
80 6
81 2
82 0
83 6
84 2
85 0
86 7
87 3
88 4
89 2
90 1
91 1
92 6
93 0
94 2
95 4
96 2
97 5
98 6
99 1
100 0
101 5
102 6
103 6
104 2
105 3
106 0
107 2
108 7
109 0
110 3
111 4
112 5
113 7
114 3
115 1
116 2
117 6
118 1
119 0
120 5
121 4
122 6
123 0
124 6
125 2
126 3
127 3
128 1
129 1
130 1
131 6
132 1
133 5
134 0
135 6
136 3
137 6
138 2
139 1
140 6
141 6
142 6
143 6
144 1
145 5
146 3
147 7
148 2
149 1
150 1
151 0
152 0
153 2
154 0
155 0
156 2
157 5
158 0
159 0
160 4
161 1
162 1
163 1
164 1
165 1
166 6
167 1
168 6
169 2
170 2
171 7
172 3
173 0
174 0
175 0
176 1
177 2
178 2
179 1
180 1
181 0
182 2
183 6
184 5
185 0
186 1
187 2
188 4
189 4
190 1
191 6
192 1
193 6
194 2
195 6
196 6
197 7
198 6
199 1
200 7
201 2
202 0
203 7
204 1
205 4
206 1
207 2
208 7
209 2
210 2
211 5
212 7
213 2
214 2
215 1
216 7
217 0
218 2
219 4
220 6
221 6
222 3
223 0
224 7
225 2
226 0
227 6
228 6
229 6
230 6
231 0
232 6
233 3
234 0
235 4
236 6
237 0
238 6
239 4
240 1
241 6
242 6
243 3
244 1
245 1
246 0
247 2
248 3
249 2
250 2
251 0
252 1
253 2
254 6
255 1
256 5
257 6
258 1
259 1
260 1
261 0
262 6
263 1
264 6
265 7
266 3
267 5
268 5
269 2
270 0
271 0
272 2
273 5
274 6
275 3
276 5
277 4
278 6
279 3
280 6
281 2
282 0
283 2
284 2
285 4
286 1
287 0
288 3
289 1
290 1
291 6
292 6
293 3
294 0
295 1
296 0
297 3
298 0
299 4
300 6
301 7
302 4
303 7
304 5
305 7
306 3
307 4
308 4
309 0
310 7
311 0
312 0
313 0
314 6
315 6
316 6
317 2
318 1
319 4
320 2
321 6
322 1
323 1
324 6
325 3
326 2
327 0
328 0
329 0
330 6
331 6
332 6
333 4
334 0
335 4
336 5
337 4
338 5
339 4
340 6
341 7
342 5
343 3
344 0
345 6
346 2
347 6
348 1
349 4
350 1
351 0
352 2
353 1
354 6
355 2
356 1
357 0
358 1
359 3
360 0
361 0
362 7
363 0
364 3
365 0
366 0
367 3
368 4
369 5
370 0
371 3
372 0
373 4
374 5
375 5
376 7
377 4
378 0
379 0
380 0
381 0
382 5
383 2
384 6
385 1
386 1
387 1
388 6
389 0
390 2
391 6
392 5
393 1
394 3
395 3
396 7
397 6
398 0
399 4
400 5
401 3
402 5
403 2
404 6
405 3
406 0
407 5
408 4
409 6
410 6
411 6
412 4
413 0
414 0
415 0
416 1
417 0
418 6
419 2
420 6
421 6
422 1
423 1
424 6
425 6
426 3
427 2
428 2
429 5
430 2
431 7
432 3
433 6
434 3
435 7
436 3
437 0
438 2
439 0
440 6
441 0
442 0
443 1
444 0
445 6
446 0
447 6
448 1
449 2
450 0
451 0
452 6
453 3
454 0
455 1
456 2
457 2
458 6
459 1
460 0
461 5
462 3
463 4
464 0
465 0
466 2
467 1
468 0
469 6
470 1
471 2
472 2
473 0
474 2
475 3
476 5
477 3
478 4
479 1
480 6
481 0
482 1
483 2
484 0
485 2
486 6
487 6
488 2
489 7
490 1
491 5
492 2
493 3
494 0
495 6
496 7
497 2
498 4
499 2
500 5
501 4
502 2
503 2
504 2
505 6
506 1
507 3
508 5
509 7
510 4
511 0
512 0
513 0
514 0
515 1
516 6
517 5
518 2
519 1
520 4
521 3
522 0
523 2
524 7
525 0
526 7
527 6
528 5
529 5
530 6
531 3
532 5
533 6
534 6
535 2
536 0
537 1
538 0
539 4
540 4
541 7
542 5
543 0
544 2
545 0
546 2
547 1
548 6
549 5
550 5
551 4
552 2
553 0
554 1
555 7
556 1
557 1
558 2
559 3
560 4
561 5
562 3
563 6
564 7
565 3
566 6
567 2
568 2
569 0
570 1
571 2
572 0
573 2
574 5
575 3
576 7
577 0
578 6
579 6
580 1
581 7
582 7
583 0
584 6
585 7
586 1
587 0
588 2
589 0
590 1
591 6
592 7
593 2
594 0
595 0
596 0
597 6
598 6
599 2
600 2
601 1
602 3
603 6
604 1
605 1
606 4
607 4
608 6
609 0
610 1
611 6
612 2
613 6
614 2
615 6
616 0
617 1
618 7
619 1
620 1
621 3
622 2
623 0
624 3
625 1
626 7
627 2
628 2
629 0
630 1
631 2
632 0
633 1
634 3
635 0
636 0
637 2
638 3
639 2
640 1
641 2
642 6
643 1
644 1
645 0
646 3
647 6
648 1
649 1
650 4
651 6
652 5
653 3
654 6
655 6
656 6
657 1
658 7
659 1
660 6
661 6
662 1
663 0
664 0
665 2
666 0
667 2
668 0
669 1
670 4
671 7
672 3
673 1
674 2
675 0
676 2
677 0
678 5
679 6
680 7
681 0
682 2
683 0
684 1
685 1
686 1
687 6
688 0
689 5
690 4
691 5
692 6
693 2
694 6
695 1
696 1
697 0
698 2
699 2
700 0
701 6
702 1
703 4
704 4
705 1
706 2
707 6
708 0
709 0
710 6
711 1
712 1
713 2
714 4
715 4
716 2
717 2
718 0
719 6
720 2
721 7
722 5
723 0
724 1
725 1
726 0
727 6
728 2
729 2
730 7
731 0
732 2
733 7
734 3
735 7
736 3
737 2
738 2
739 2
740 6
741 6
742 1
743 0
744 6
745 2
746 5
747 1
748 1
749 1
750 3
751 2
752 6
753 4
754 2
755 6
756 0
757 6
758 5
759 0
760 1
761 5
762 1
763 1
764 0
765 5
766 2
767 3
768 4
769 2
770 1
771 6
772 6
773 0
774 4
775 6
776 6
777 5
778 6
779 1
780 0
781 2
782 1
783 4
784 3
785 1
786 4
787 2
788 7
789 0
790 0
791 1
792 4
793 3
794 4
795 0
796 0
797 2
798 4
799 5
800 6
801 2
802 6
803 2
804 6
805 6
806 5
807 1
808 6
809 1
810 2
811 2
812 2
813 3
814 4
815 0
816 4
817 2
818 1
819 3
820 6
821 2
822 3
823 6
824 0
825 3
826 3
827 4
828 0
829 3
830 6
831 3
832 6
833 2
834 1
835 3
836 0
837 0
838 1
839 2
840 2
841 0
842 0
843 1
844 0
845 0
846 0
847 0
848 1
849 2
850 6
851 0
852 0
853 6
854 3
855 6
856 7
857 2
858 3
859 1
860 0
861 6
862 2
863 4
864 6
865 6
866 1
867 1
868 6
869 5
870 4
871 0
872 0
873 1
874 4
875 1
876 0
877 0
878 2
879 6
880 2
881 0
882 0
883 6
884 0
885 6
886 0
887 0
888 2
889 6
890 6
891 1
892 0
893 1
894 1
895 5
896 1
897 6
898 1
899 3
900 2
901 6
902 3
903 6
904 6
905 7
906 1
907 2
908 3
909 2
910 2
911 2
912 6
913 0
914 0
915 0
916 6
917 0
918 1
919 5
920 5
921 5
922 3
923 0
924 2
925 6
926 0
927 0
928 3
929 1
930 1
931 0
932 2
933 3
934 6
935 0
936 1
937 6
938 0
939 7
940 1
941 0
942 1
943 4
944 6
945 0
946 6
947 6
948 0
949 6
950 0
951 1
952 0
953 6
954 1
955 2
956 2
957 0
958 5
959 1
960 6
961 0
962 0
963 2
964 6
965 6
966 6
967 0
968 4
969 6
970 0
971 2
972 1
973 3
974 1
975 6
976 1
977 2
978 7
979 6
980 6
981 0
982 0
983 1
984 1
985 4
986 1
987 7
988 5
989 2
990 1
991 3
992 1
993 2
994 2
995 6
996 0
997 3
998 3
999 6
1000 5
1001 7
1002 3
1003 2
1004 1
1005 1
1006 7
1007 7
1008 5
1009 5
1010 5
1011 0
1012 2
1013 0
1014 6
1015 1
1016 0
1017 7
1018 7
1019 2
1020 0
1021 1
1022 4
1023 5
